1.906129342576315011e+01 1.656140828582980395e-01 1.424706889155101962e+07 2.191277047378020537e+00
1.812479552196083432e+01 1.744857418492762879e-01 1.089958674117433652e+07 2.386151658492377869e+00
1.733863845331594433e+01 1.837289376535518326e-01 8.407624207493543625e+06 2.593937479836190718e+00
1.667221184096423414e+01 1.933398788871141805e-01 6.527421744216312654e+06 2.815422509540856044e+00
1.610223072719272253e+01 2.033201516469229364e-01 5.102237148000232875e+06 3.051455626267782328e+00
1.561129688393164372e+01 2.136547356351006510e-01 4.011003543977363501e+06 3.302577914889313515e+00
1.518406565344298897e+01 2.243513019734984792e-01 3.166370912580852397e+06 3.568589863180378519e+00
1.481114065685015468e+01 2.354025579542172175e-01 2.513461500043191481e+06 3.851847518965457962e+00
1.448339449961729386e+01 2.468110020147764039e-01 2.004285172291872324e+06 4.153473067624571691e+00
1.419404404922982010e+01 2.585707980504174386e-01 1.604540836053504143e+06 4.474044798790751898e+00
1.393700762197548570e+01 2.706688778324096156e-01 1.289710115723832743e+06 4.813358987769413844e+00
1.370809031030639602e+01 2.831407546461878200e-01 1.040625617909041932e+06 5.174611240586135530e+00
1.350313143114448344e+01 2.959608175250836304e-01 8.424283047637735726e+05 5.558603544773340843e+00
1.331890287833835274e+01 3.091197842196632406e-01 6.843259070392083377e+05 5.964802044277298876e+00
1.315303789348920382e+01 3.226345019480832410e-01 5.579362372012070846e+05 6.397331327225325381e+00
1.300272119110997338e+01 3.365128971430871307e-01 4.555736070820058230e+05 6.855236608309239088e+00
1.286654559048108659e+01 3.507237960600276816e-01 3.733236188489204505e+05 7.341602848696206607e+00
1.274282779659285758e+01 3.652943940675118517e-01 3.067958032411060994e+05 7.857384668546358419e+00
1.262979644199998752e+01 3.802154002943428646e-01 2.526827143436531769e+05 8.404391148653514776e+00
1.252630019864411004e+01 3.954960862970933189e-01 2.086195328824240132e+05 8.984345277569698140e+00
1.243157823434650311e+01 4.111341434720449106e-01 1.726486750533995801e+05 9.599700876708068265e+00
1.234407601295319701e+01 4.271134253648158352e-01 1.431881779700583429e+05 1.025099323981435262e+01
1.226371937940676027e+01 4.434727096454974538e-01 1.189578659900281637e+05 1.094289373127464060e+01
1.218912249340925769e+01 4.601592205136560421e-01 9.905873947143561963e+04 1.167411945452498578e+01
1.212012111935915826e+01 4.772432661614361415e-01 8.263225585985570797e+04 1.244969616181611904e+01
1.205582713720901111e+01 4.946542408067472474e-01 6.905922938880468428e+04 1.327238767177210121e+01
1.199623811308920551e+01 5.124848366009465694e-01 5.777872694429890544e+04 1.413341509567538168e+01
1.194025940315366441e+01 5.307533106510606835e-01 4.838414716492604202e+04 1.505546950971903009e+01
1.188828584341288241e+01 5.495562018610612443e-01 4.054325596515666257e+04 1.601481303906833631e+01
1.183977600043573020e+01 5.689681177629660747e-01 3.397799240062516037e+04 1.705099775192238809e+01
1.179472279766397236e+01 5.890355949443983885e-01 2.846830457997321355e+04 1.810743095530629532e+01
1.175328171723206871e+01 6.098011588204705902e-01 2.383429169972818272e+04 1.925815040550164525e+01
1.171540692021864949e+01 6.312690742628827012e-01 1.996488728824796635e+04 2.042404789205095028e+01
1.168100596829345328e+01 6.534727244652516198e-01 1.672478970031700374e+04 2.169157128117006295e+01
1.164999722985399799e+01 6.763797538409694887e-01 1.401306420575397715e+04 2.298319440911090084e+01
1.162240700447696362e+01 7.000489507133941247e-01 1.174453065988074923e+04 2.437233415457386698e+01
1.159801599041959896e+01 7.244274366316734159e-01 9.850613667723213439e+03 2.580724892643052470e+01
1.157667470628970641e+01 7.495277082898957888e-01 8.266463247859057446e+03 2.732561389852083167e+01
1.155836250471269544e+01 7.753496427080703857e-01 6.944414132461997724e+03 2.892139371351027677e+01
1.154273804807749215e+01 8.018601844094392916e-01 5.836413278298971818e+03 3.057943788063671775e+01
1.152967821527588654e+01 8.290285160207728765e-01 4.912026163116277530e+03 3.235329982545795957e+01
1.151900197275856996e+01 8.568533515377034782e-01 4.138204409534251681e+03 3.416432318122657819e+01
1.151064940939726178e+01 8.853280432378696219e-01 3.490061791760309461e+03 3.613330132528931671e+01
1.150422304346538205e+01 9.144255149229469914e-01 2.947525918339567397e+03 3.811349091681494627e+01
1.149956405477202992e+01 9.440603472193829226e-01 2.492915107853500558e+03 4.026910094797462847e+01
1.149673035349703909e+01 9.742981560085985926e-01 2.111033712973592628e+03 4.246341802564025869e+01
1.149532341083752307e+01 1.005061694595082100e+00 1.789874922207447753e+03 4.482183744557213601e+01
1.149519617760140733e+01 1.036298277537601731e+00 1.520169896621395537e+03 4.725458675992940272e+01
1.149615911130376666e+01 1.068008203112496668e+00 1.292786875906106388e+03 4.984026616933083886e+01
1.149816267552441751e+01 1.100178053212684803e+00 1.101190005848963665e+03 5.253236928529039318e+01
1.150091820432580647e+01 1.132698980494400098e+00 9.396347214915359700e+02 5.537367898778541786e+01
1.150429243454242645e+01 1.165611567474691412e+00 8.026548324992509151e+02 5.834803339729350569e+01
1.150816571787540710e+01 1.198831580806847263e+00 6.868487377240874139e+02 6.147774742363352374e+01
1.151238851171478217e+01 1.232332800687195418e+00 5.886931420607975269e+02 6.476020818602603413e+01
1.151684375848824082e+01 1.266056125372870156e+00 5.053775825621676177e+02 6.821679671636459830e+01
1.152135640107321812e+01 1.300031083043981184e+00 4.345987033398656081e+02 7.183760632221671472e+01
1.152577667966842689e+01 1.334080204435700523e+00 3.742412015170568793e+02 7.567010111881177181e+01
1.153000479927961308e+01 1.368222598373368681e+00 3.228989612448362436e+02 7.966173098857262858e+01
1.153374476705441154e+01 1.402392157197096312e+00 2.790871003562602368e+02 8.392829803469841465e+01
1.153725295524747452e+01 1.436477230158450302e+00 2.416209666289701374e+02 8.833744298369349224e+01
1.153970994024624197e+01 1.470408536342156181e+00 2.096268764997002165e+02 9.303288142677322980e+01
1.154143918064468011e+01 1.504137337350927250e+00 1.821885088941796198e+02 9.799730583873817125e+01
1.154236377617922216e+01 1.537624658787301479e+00 1.586890238248199694e+02 1.031852004245794063e+02
1.154160451203559568e+01 1.570697410775459879e+00 1.384597405626460045e+02 1.086923418263748999e+02
1.153994768068915100e+01 1.603417142709310683e+00 1.210639396978899072e+02 1.145267551708426765e+02
1.153701082412698575e+01 1.635676467418415214e+00 1.060559081474355168e+02 1.206768573276966805e+02
1.153210322783708186e+01 1.667349401995677383e+00 9.308230105612585703e+01 1.271671726679622054e+02
1.152588906009242997e+01 1.698447711488997314e+00 8.187532783338546949e+01 1.340486238525880651e+02
1.151755326311225325e+01 1.728831618494790501e+00 7.215565053170476517e+01 1.413438728008216003e+02
1.150771067607013620e+01 1.758570124948036995e+00 6.371268942077504249e+01 1.490796725650087069e+02
1.149573446446228608e+01 1.787487637561307574e+00 5.637408305315904755e+01 1.572868131950965278e+02
1.148196114712805382e+01 1.815617413304973393e+00 4.999077161070984943e+01 1.660001987694651859e+02
1.146571844108573046e+01 1.842804983366147953e+00 4.439209015213332776e+01 1.752590310152676238e+02
1.144734788246354107e+01 1.869037970171779639e+00 3.951277121254582170e+01 1.851070855526233743e+02
1.142658753127451376e+01 1.894276042656952708e+00 3.524298830856946552e+01 1.955930739453474700e+02
1.140379056343093289e+01 1.918510594397575764e+00 3.149473955926615432e+01 2.067710898322226853e+02
1.137843674648499714e+01 1.941660743888472318e+00 2.820606364000114041e+01 2.186657551425879831e+02
1.135083934947192041e+01 1.963633042625591463e+00 2.530722933045519341e+01 2.313631506373661750e+02
1.132037562586715573e+01 1.984525417767249333e+00 2.274150048935690194e+01 2.449450636852578782e+02
1.128756149192879832e+01 2.004142083388372075e+00 2.048453944642477609e+01 2.594384223067666539e+02
1.125232766534834106e+01 2.022536083033839471e+00 1.849058349757346065e+01 2.749686574115484632e+02
1.121440511450126465e+01 2.039677605292496310e+00 1.671929337813099181e+01 2.915822693985301726e+02
1.117387685887413440e+01 2.055503474661246610e+00 1.514812467630806125e+01 3.094125118387079283e+02
1.113082847749292981e+01 2.070013824320247497e+00 1.375668935928564984e+01 3.285336793899651866e+02
1.108505064965091691e+01 2.083204918792715965e+00 1.251114203964103311e+01 3.490552805937930430e+02
1.103671443960870491e+01 2.095102760574712786e+00 1.140176247629304207e+01 3.711033709220571950e+02
1.098611122518923899e+01 2.105746165917100843e+00 1.040923620505008884e+01 3.947972812857889835e+02
1.093295890496029088e+01 2.115155020156121335e+00 9.515759771446919757e+00 4.202673606892678890e+02
1.087747236383600935e+01 2.123326759076952897e+00 8.714602969072384298e+00 4.476551296893335348e+02
1.081969703889047985e+01 2.130404991816720273e+00 7.991101127415221939e+00 4.771101766951902619e+02
1.075976548274019606e+01 2.136251138004710448e+00 7.337692440945076555e+00 5.088192506748300730e+02
1.069781222641443996e+01 2.140981814302577391e+00 6.751059894905737657e+00 5.429726202970128952e+02
1.063380295449145407e+01 2.144682190553470313e+00 6.213486829391637656e+00 5.797742122595308274e+02
1.056808476129454633e+01 2.147242984190071535e+00 5.731077099965202315e+00 6.194431342702270058e+02
1.050062771718398302e+01 2.148821524401254290e+00 5.292377298149725462e+00 6.622418304759646617e+02
1.043159114585525060e+01 2.149382411010512417e+00 4.894212910118295845e+00 7.084517945688246527e+02
