1.983644740718530741e+01 1.479544907913123153e-01 1.894969198268862441e+07 2.423533319960069488e+00
1.887365878570187760e+01 1.536644503449120236e-01 1.519918387691030651e+07 2.610933369311762675e+00
1.803935103786749750e+01 1.595975607953225017e-01 1.225838226833153889e+07 2.809272289125936517e+00
1.731188296043754349e+01 1.657445768799725994e-01 9.935109155228918418e+06 3.019472835552136303e+00
1.667327991948563337e+01 1.721037540520600762e-01 8.086529315111157484e+06 3.240963918752348683e+00
1.610855285718818308e+01 1.786713191837187575e-01 6.610377749331180938e+06 3.474934049888286136e+00
1.560751342516011420e+01 1.854603255161650921e-01 5.421745506333486177e+06 3.722636115499872833e+00
1.516021972634242765e+01 1.924523884556494924e-01 4.460684332543130964e+06 3.982808778934347149e+00
1.475915223356581940e+01 1.996542069582607770e-01 3.683034812677875627e+06 4.257958054113477608e+00
1.439831255958552170e+01 2.070556530108103865e-01 3.049355297726924066e+06 4.547863952609564109e+00
1.407232102793993356e+01 2.146782895307522698e-01 2.530994432597972918e+06 4.853134365635777492e+00
1.377637697512994386e+01 2.225101961817581020e-01 2.105963002387927379e+06 5.175314900942930230e+00
1.350736750526982277e+01 2.305531743591854310e-01 1.757429547352073248e+06 5.513583788923885898e+00
1.326179343614080786e+01 2.388313895522141961e-01 1.469271594648612896e+06 5.870813997939218432e+00
1.303704284168757788e+01 2.473015475761821125e-01 1.231174600681786193e+06 6.245138716906550869e+00
1.283100045839432468e+01 2.560247554602688158e-01 1.033679656669367454e+06 6.640243658483578670e+00
1.264139360641627441e+01 2.649604300372659926e-01 8.695481706250034040e+05 7.054001084472250938e+00
1.246645689267380419e+01 2.741414015798777082e-01 7.326224892818164080e+05 7.490148171201286509e+00
1.230505723767833359e+01 2.835597808702752798e-01 6.180678707699402003e+05 7.946688874681451686e+00
1.215554490787260633e+01 2.932324626130703438e-01 5.223491927233338356e+05 8.427217188288508964e+00
1.201705683557275250e+01 3.031700746307663952e-01 4.420354870604714961e+05 8.929992230610048765e+00
1.188818910693370157e+01 3.133686677796468367e-01 3.744378464455630165e+05 9.449233236789835289e+00
1.176823014120455468e+01 3.239802699952350484e-01 3.170889525725805433e+05 1.000005666375631641e+01
1.165629526651888881e+01 3.349619726970498035e-01 2.686233300974729354e+05 1.057201874524413832e+01
1.155170194692466090e+01 3.464271350283535944e-01 2.273395495328600227e+05 1.115985896813805489e+01
1.145478506868278501e+01 3.583836994053781200e-01 1.923093929660388676e+05 1.179645428166033483e+01
1.136521394717136957e+01 3.708266971337337292e-01 1.626564580785999133e+05 1.242848347146231092e+01
1.128263441466006078e+01 3.838202436608596502e-01 1.374979148234329186e+05 1.308929962221538723e+01
1.120694147310994637e+01 3.973648652857971197e-01 1.161861252381199156e+05 1.380325229248948382e+01
1.113812571405882856e+01 4.114206535214193217e-01 9.825104216344536690e+04 1.452047054866392983e+01
1.107576165020572390e+01 4.260398293199519348e-01 8.311205484657656052e+04 1.525005331011344545e+01
1.101968620387037312e+01 4.412185008492300886e-01 7.029837967843703518e+04 1.603608538814371443e+01
1.096959977053233537e+01 4.569245906857431483e-01 5.953325487567256641e+04 1.687220634548939202e+01
1.092514821618771492e+01 4.731668844305129129e-01 5.045446998917700694e+04 1.767032688917009153e+01
1.088604476188715786e+01 4.899856317389337246e-01 4.279555534512046142e+04 1.852776077434384305e+01
1.085206923096198040e+01 5.073204251554637167e-01 3.632444047536094149e+04 1.945000280264449088e+01
1.082290532221356294e+01 5.251945884686972654e-01 3.088438506666435205e+04 2.038363780255120616e+01
1.079808378875313579e+01 5.435800652759376073e-01 2.628738893751504656e+04 2.131611464324795335e+01
1.077770557257480455e+01 5.625386461863010057e-01 2.239332016657782879e+04 2.231638083251467108e+01
1.076116134300634641e+01 5.820045386434370416e-01 1.910638697881980988e+04 2.339058972962011751e+01
1.074830798611916194e+01 6.019601224255719529e-01 1.632433196389149634e+04 2.443912498948473555e+01
1.073857300854637664e+01 6.224008797170507146e-01 1.396948678720065982e+04 2.552505572490591135e+01
1.073234311842408850e+01 6.433873942604152463e-01 1.196692450144363283e+04 2.668845123210398640e+01
1.072893443836417404e+01 6.648342694535768205e-01 1.026665162789337774e+04 2.793447397444007763e+01
1.072820802334221568e+01 6.867916527129827031e-01 8.815831726101881941e+03 2.911690587070154734e+01
1.072994182073058589e+01 7.091811163215726577e-01 7.586081795894441711e+03 3.038110031091336438e+01
1.073405896335400556e+01 7.320714228157875203e-01 6.536155693832755787e+03 3.173414132277400412e+01
1.074024298544564360e+01 7.553851367720159082e-01 5.638761776154848121e+03 3.313341404871013651e+01
1.074835369116751771e+01 7.791858043487274177e-01 4.871400451856377913e+03 3.451301587137511007e+01
1.075814114638430929e+01 8.033697988486662167e-01 4.214081985093011099e+03 3.598702380155697966e+01
1.076949474558216124e+01 8.279721478934317647e-01 3.651579161307474351e+03 3.756353796454689586e+01
1.078245194109670990e+01 8.530158807472386640e-01 3.167934301196767137e+03 3.913118415616713008e+01
1.079655218148190876e+01 8.784222654809402675e-01 2.752100462555282320e+03 4.074491056741899797e+01
1.081191152394295329e+01 9.042407264892038388e-01 2.393113046480661524e+03 4.246839553063043127e+01
1.082823416871671363e+01 9.304116996965726694e-01 2.085028038188161190e+03 4.428732496782416916e+01
1.084544982221486897e+01 9.568911637734680564e-01 1.818290185201471104e+03 4.606271379665008681e+01
1.086352580359914022e+01 9.837746084917265987e-01 1.587869906591987046e+03 4.795673412991223472e+01
1.088229793809560597e+01 1.010978716163215108e+00 1.388489250567191675e+03 4.997934010997872889e+01
1.090164340110306540e+01 1.038474118194035567e+00 1.215557613373837739e+03 5.200249950231885521e+01
1.092155905367465962e+01 1.066237418741212251e+00 1.065885051645758722e+03 5.409442254353831459e+01
1.094153965341768320e+01 1.094298945703103820e+00 9.352082897473031835e+02 5.632643081105863558e+01
1.096205406660594406e+01 1.122584521802144408e+00 8.220369074135405754e+02 5.863569495091793726e+01
1.098277747031315599e+01 1.151167905554526305e+00 7.231755957826527492e+02 6.095730252629920187e+01
1.100376687820342703e+01 1.179934232657914306e+00 6.370338473583913128e+02 6.343284808875270642e+01
1.102456804134294011e+01 1.208929155453471127e+00 5.615646952721102707e+02 6.604550184883757424e+01
1.104550862529585409e+01 1.238071593512987567e+00 4.959137118677846274e+02 6.863459104567979807e+01
1.106631461573864250e+01 1.267379419720295219e+00 4.383421390569565119e+02 7.139429932008509638e+01
1.108718435261966917e+01 1.296835359342176863e+00 3.879423546582493714e+02 7.432802000070030601e+01
1.110746460056762075e+01 1.326365417662076496e+00 3.437536184193216968e+02 7.723412145753798086e+01
1.112771974259705132e+01 1.356037142112861638e+00 3.048706472417753730e+02 8.033142112369635868e+01
1.114755861725865493e+01 1.385715335000278436e+00 2.708028060447089160e+02 8.359536257738760412e+01
1.116678705496087254e+01 1.415413089992684670e+00 2.407407075625635855e+02 8.688469848525878092e+01
1.118568464463997891e+01 1.445100316863334067e+00 2.143314373653875577e+02 9.039130050107797842e+01
1.120391995673145580e+01 1.474731785551017360e+00 1.910316818223880091e+02 9.400558232165484185e+01
1.122153264562814101e+01 1.504261706069949911e+00 1.705037052345469704e+02 9.776014619877966538e+01
1.123813700945244776e+01 1.533639793632592285e+00 1.523404644108193793e+02 1.017256926308371021e+02
1.125433907896149321e+01 1.562916986175729051e+00 1.363469992509713791e+02 1.057746840445875876e+02
1.126937372055679454e+01 1.591971464010772941e+00 1.221301303537617571e+02 1.100930306822180853e+02
1.128350227809140272e+01 1.620808237364771198e+00 1.095597888405282134e+02 1.144884445012373817e+02
1.129672160535997882e+01 1.649379963183364772e+00 9.840651569441533297e+01 1.191738580271766068e+02
1.130872914397264495e+01 1.677643198881287434e+00 8.847758002789602472e+01 1.239733675809710292e+02
1.131961832023829118e+01 1.705550175326306039e+00 7.969769746263720833e+01 1.290710320127637374e+02
1.132905882492528704e+01 1.733073538594022800e+00 7.184650212939186531e+01 1.343192830680934833e+02
1.133763688182921747e+01 1.760208480294694677e+00 6.487123048743244169e+01 1.398606830592510164e+02
1.134472563048936777e+01 1.786912585667132625e+00 5.864285341375304483e+01 1.456348017195528257e+02
1.135042347323923018e+01 1.813139040683936720e+00 5.308304772567056773e+01 1.516714723585131139e+02
1.135462760901026336e+01 1.838833433257364147e+00 4.811518203012767714e+01 1.580276578901749360e+02
1.135751428270095786e+01 1.864034750007818264e+00 4.365950433821440413e+01 1.646445080758946347e+02
1.135869507745906404e+01 1.888613470933869554e+00 3.967687461003313132e+01 1.715898431949477185e+02
1.135827287428017129e+01 1.912575163999984618e+00 3.610859310276774892e+01 1.788930783802449298e+02
1.135631434660022698e+01 1.935896762187703013e+00 3.290121393367586933e+01 1.865648307375178376e+02
1.135289837199570506e+01 1.958606207445255487e+00 3.001705512832555911e+01 1.945855415014068228e+02
1.134732012162010761e+01 1.980524433853250388e+00 2.742346373882488919e+01 2.030256973749702070e+02
1.134013327511984315e+01 2.001705948979912275e+00 2.509665874637181560e+01 2.119070002768093275e+02
1.133124859587717914e+01 2.022149660379129799e+00 2.298637511246869991e+01 2.212550212092830577e+02
1.132032290786728801e+01 2.041749632978704376e+00 2.109113771974655904e+01 2.310991223845697959e+02
1.130762056191764664e+01 2.060509313455852087e+00 1.938093163890717818e+01 2.414724867927086791e+02
1.129294326830003214e+01 2.078458262432561821e+00 1.782337340569604933e+01 2.524122363348366207e+02
1.127641830192875183e+01 2.095495090028472784e+00 1.642008525521057649e+01 2.639596269391634564e+02
1.125782045604323400e+01 2.111627059700806885e+00 1.514917995398197093e+01 2.761603141912952992e+02
1.123729571313140241e+01 2.126781861658071815e+00 1.400052525550395011e+01 2.890646867533055797e+02
1.121464516684440937e+01 2.140963059573655070e+00 1.295553956370931559e+01 3.026997307687552166e+02
1.118975054882262654e+01 2.154160469825978197e+00 1.200307424279484891e+01 3.171467914403257851e+02
1.116315246858454202e+01 2.166321536750655863e+00 1.114611120053256599e+01 3.324761207981866278e+02
1.113427443441046094e+01 2.177451359993511026e+00 1.036176677908975918e+01 3.487183491076419841e+02
1.110312066379408691e+01 2.187479309246890935e+00 9.646618095236824786e+00 3.659915753537183605e+02
1.106988248972164790e+01 2.196404478853604569e+00 8.999062715094325426e+00 3.843635801211178205e+02
1.103449404912833742e+01 2.204132220944774900e+00 8.410594457539831481e+00 4.039536796284464231e+02
1.099677181814404570e+01 2.210529299897886713e+00 7.878132876964354381e+00 4.248955100869737294e+02
1.095674781914534357e+01 2.215593892134495757e+00 7.396699422971484417e+00 4.473396215385964751e+02
1.091461553104940840e+01 2.219200508975303965e+00 6.966259603397720213e+00 4.714863715147904486e+02
1.086980449218084210e+01 2.221131492426521969e+00 6.581296911862184906e+00 4.975823953362619250e+02
1.082260056675593773e+01 2.221217182135989621e+00 6.244318626864468591e+00 5.259713190874361999e+02
