1.897455562670148410e+01 1.681324353269654792e-01 1.372029535914895497e+07 2.162992644728874314e+00
1.813078393003806710e+01 1.765420177497003529e-01 1.072370214422411658e+07 2.337807404173930959e+00
1.741427083056229108e+01 1.852766501812228017e-01 8.430614585766397417e+06 2.522947068606760546e+00
1.680028994038409351e+01 1.943319782131111284e-01 6.670305057725835592e+06 2.718943150092598682e+00
1.626916163970276941e+01 2.037092304787875008e-01 5.308367356965036131e+06 2.926361704082613979e+00
1.580695479242014123e+01 2.134041826404622366e-01 4.242780041526807472e+06 3.145806104186187557e+00
1.540339864822727733e+01 2.234053656103961727e-01 3.408163044957821257e+06 3.377919997688620057e+00
1.504768133293731580e+01 2.337193968401073962e-01 2.751062253040594514e+06 3.623390455905160401e+00
1.473366123786183657e+01 2.443429470905540135e-01 2.227599596398917027e+06 3.882951334895731854e+00
1.445389560149491182e+01 2.552632275004116380e-01 1.810485328434843104e+06 4.157386863441729474e+00
1.420466507339043893e+01 2.665075293786893229e-01 1.477504412889763014e+06 4.447535476549306033e+00
1.398143267469812301e+01 2.780452828563114154e-01 1.209133558766935719e+06 4.753884047974844762e+00
1.378078431711416307e+01 2.899081265068533253e-01 9.928102851008126745e+05 5.076634992354648546e+00
1.359975834986007648e+01 3.020596741786427120e-01 8.177580308438795619e+05 5.417738547781262071e+00
1.343609456022410598e+01 3.145145734277710048e-01 6.751742343270265264e+05 5.778273864163812945e+00
1.328756935212664381e+01 3.272791511116863727e-01 5.593993579727178439e+05 6.159396093864628163e+00
1.315256193244012906e+01 3.403256763578566546e-01 4.644948466552608879e+05 6.561650643619805656e+00
1.302915554625269756e+01 3.536908687253366157e-01 3.865392314492994919e+05 6.985063322614929682e+00
1.291641775810585635e+01 3.673498144379608865e-01 3.225855624512432842e+05 7.432702941940208419e+00
1.281308448703684988e+01 3.813268082812372728e-01 2.695578779564967263e+05 7.906058898299230364e+00
1.271836838456532170e+01 3.955895465317199045e-01 2.259300204518118117e+05 8.403864205478315696e+00
1.263080152945442869e+01 4.101578037711643976e-01 1.896704086391678138e+05 8.929743828551767848e+00
1.255005103537451738e+01 4.250136018472041033e-01 1.595495356295187084e+05 9.485763972323987048e+00
1.247534736601507355e+01 4.401875263664258853e-01 1.344469115659685340e+05 1.007008717789321217e+01
1.240597437084780630e+01 4.556411908452508985e-01 1.135118298814740556e+05 1.068828281875338071e+01
1.234143319148292228e+01 4.714032716821474622e-01 9.599106675482277933e+04 1.133913964902613891e+01
1.228147218248600758e+01 4.874788030299100350e-01 8.131764254412039008e+04 1.202630325987994020e+01
1.222497339045301246e+01 5.038279984955538193e-01 6.897267871326842578e+04 1.275048927811136146e+01
1.217232431211353827e+01 5.204730926593129636e-01 5.859715785556032642e+04 1.351448502169723476e+01
1.212316927563366775e+01 5.374523126146291130e-01 4.985486551883690117e+04 1.431934524966992761e+01
1.207646335259664916e+01 5.547161787197416594e-01 4.246230500293897785e+04 1.515701968368410490e+01
1.203264211350571955e+01 5.724483826055838387e-01 3.617432393106941163e+04 1.605175189978851691e+01
1.199129681019625693e+01 5.906768040474151826e-01 3.082560498717144219e+04 1.697606038868947209e+01
1.195261010127008561e+01 6.095099997600121888e-01 2.624162951899783002e+04 1.795564393389446423e+01
1.191661499135108748e+01 6.289844097796226663e-01 2.233081760912938626e+04 1.898575048174474134e+01
1.188337191785423563e+01 6.491585275966287316e-01 1.899118684419124475e+04 2.003867778168022440e+01
1.185334772206326548e+01 6.700236357362723272e-01 1.614448928963055005e+04 2.118272023476062316e+01
1.182603860476479518e+01 6.915762570945415133e-01 1.372402571175956473e+04 2.233087290952710902e+01
1.180165143774765468e+01 7.138849153390912639e-01 1.165815214277050291e+04 2.354436894268700797e+01
1.178026099931809156e+01 7.368868131746655337e-01 9.905942286872928889e+03 2.486145900099370465e+01
1.176183380688280700e+01 7.606213271745095872e-01 8.418006237555924599e+03 2.614819363436372157e+01
1.174605645797879383e+01 7.850818688053615713e-01 7.157088940696829923e+03 2.753467504169686109e+01
1.173302970196473716e+01 8.102151391098172395e-01 6.088758707585628144e+03 2.903161715115696850e+01
1.172247116534050271e+01 8.359992743305806329e-01 5.183957248820511268e+03 3.049026924772947922e+01
1.171448999493395071e+01 8.625453881745467344e-01 4.413216301610396840e+03 3.206720089912681004e+01
1.170882653560326325e+01 8.896860977583661567e-01 3.763611025196803894e+03 3.376412457775266063e+01
1.170527087310547820e+01 9.174724181653678423e-01 3.211259439259221836e+03 3.542234425846999102e+01
1.170375678877866932e+01 9.458891414138210774e-01 2.742616422766045616e+03 3.721306627816584722e+01
1.170414513866910866e+01 9.748637901478762746e-01 2.345293259809611300e+03 3.913654015403716357e+01
1.170616596622819472e+01 1.004443805867912154e+00 2.007402219188311847e+03 4.102214374137813024e+01
1.170982023511857761e+01 1.034548842241040045e+00 1.720547434667806783e+03 4.305658430680693982e+01
1.171492396422997473e+01 1.065186996656345420e+00 1.476702912812742852e+03 4.523370192902357445e+01
1.172130789547051322e+01 1.096307032400456238e+00 1.269026897256423808e+03 4.738129391417295722e+01
1.172869430777036293e+01 1.127890959191611531e+00 1.091339306969332711e+03 4.969682711534626662e+01
1.173712468524674080e+01 1.159914970507663456e+00 9.402387618084577525e+02 5.215597424641463675e+01
1.174641468535515543e+01 1.192335032548630824e+00 8.110126119602575727e+02 5.460801997538546004e+01
1.175647676880218206e+01 1.225144750365903423e+00 7.004031774254748370e+02 5.725062701577891033e+01
1.176709873508905346e+01 1.258295738452081647e+00 6.058137626984520239e+02 6.002267303515071717e+01
1.177825168375089682e+01 1.291754591523570417e+00 5.248471757038619216e+02 6.283093896846424542e+01
1.178971966421190487e+01 1.325511220888770048e+00 4.550229416929627746e+02 6.585678437073407565e+01
1.180141919095448344e+01 1.359475613014279771e+00 3.952570784280839575e+02 6.897650918345441085e+01
1.181323921231753005e+01 1.393664509707997157e+00 3.437560530518323390e+02 7.220396859020394231e+01
1.182524666747069020e+01 1.428040693448269893e+00 2.993676938507523460e+02 7.568149915160223884e+01
1.183704429232581212e+01 1.462524201948397717e+00 2.611085059603864238e+02 7.918922205136441050e+01
1.184871783218264696e+01 1.497144338815436404e+00 2.280397279838699092e+02 8.291254489527352689e+01
1.186026551767758264e+01 1.531841922575949644e+00 1.993815652658770432e+02 8.686362703405247032e+01
1.187127092938551165e+01 1.566511356091065954e+00 1.745990435437282713e+02 9.087002675197649637e+01
1.188201253239744126e+01 1.601216213317650183e+00 1.531270748381873545e+02 9.518405766244137567e+01
1.189231231069595474e+01 1.635877497503677835e+00 1.344545248341070192e+02 9.961760941096981981e+01
1.190198279983374618e+01 1.670407004390160655e+00 1.182277985195737671e+02 1.042858171461488013e+02
1.191109788677731629e+01 1.704790314934080619e+00 1.041463753396442087e+02 1.092141093414179949e+02
1.191914516186559148e+01 1.738949623820909895e+00 9.184753001200448352e+01 1.143059389011708902e+02
1.192645844034571212e+01 1.772804161280187696e+00 8.116520627798571752e+01 1.197369616989694379e+02
1.193263721198910332e+01 1.806294481283738484e+00 7.178932657936354644e+01 1.253332316230247585e+02
1.193788551787551988e+01 1.839438200247594635e+00 6.362964765533601508e+01 1.313011045535449455e+02
1.194196752582043430e+01 1.872073248372459586e+00 5.648369862943228270e+01 1.374917987699850244e+02
1.194462173935080251e+01 1.904255042536517673e+00 5.020993255318559534e+01 1.440511664112168546e+02
1.194600788236353672e+01 1.935869061420531168e+00 4.471003480290322329e+01 1.509388811831526027e+02
1.194573927795299007e+01 1.966783130813047231e+00 3.988668827538908346e+01 1.581640969341114840e+02
1.194411782822373347e+01 1.997073295057024467e+00 3.564233950272131324e+01 1.658299351045495484e+02
1.194085371096682202e+01 2.026612150850143568e+00 3.191040724105342719e+01 1.738538931700558692e+02
1.193572667499009654e+01 2.055355864905082708e+00 2.861216719714207457e+01 1.823270347951328461e+02
1.192883001388769770e+01 2.083260778838098126e+00 2.570218454246990092e+01 1.912985211063982831e+02
1.192016154351136770e+01 2.110322003781894828e+00 2.312277697446199198e+01 2.007881380455233398e+02
1.190921666239292698e+01 2.136336905948677867e+00 2.084296900983530776e+01 2.107733045727604235e+02
1.189640987943320916e+01 2.161410460743149020e+00 1.882261393578315634e+01 2.213530600679784470e+02
1.188192254146584226e+01 2.185515320169537201e+00 1.703093886444167282e+01 2.325672554414520903e+02
1.186475066113727905e+01 2.208451188237261498e+00 1.543407983431770170e+01 2.444594368623978653e+02
1.184539184893666786e+01 2.230256306687086187e+00 1.401252788200410571e+01 2.570801043332301674e+02
1.182397397916690629e+01 2.250922733954844990e+00 1.274932380484936978e+01 2.704868841551410696e+02
1.179999317457253127e+01 2.270357758940241499e+00 1.161940006282081583e+01 2.847448929850119725e+02
1.177386522615058517e+01 2.288568019343596660e+00 1.061044356442185510e+01 2.999272723721866214e+02
1.174499692473882817e+01 2.305393084955552840e+00 9.709005720553378183e+00 3.160960085130067796e+02
1.171383598202580245e+01 2.320938759746602020e+00 8.901176899578514323e+00 3.333334375525061546e+02
1.168005041870446448e+01 2.335138623555324866e+00 8.176429082869844933e+00 3.517636655337681759e+02
1.164379043306825601e+01 2.347888249175798414e+00 7.526430299689152115e+00 3.714635078039061113e+02
1.160478089181766315e+01 2.359184040158938789e+00 6.943900213275886024e+00 3.925644677632320736e+02
1.156333021291370855e+01 2.369062089529321291e+00 6.419141163644718873e+00 4.151797668087325519e+02
1.151906355210712718e+01 2.377412207487932250e+00 5.947289393448126127e+00 4.394728560258896550e+02
1.147203334676598274e+01 2.384181013109330838e+00 5.522515421757241860e+00 4.655963203235916126e+02
1.142262829879560115e+01 2.389430337061603460e+00 5.141534981967042839e+00 4.937341973766941123e+02
1.137039713165194144e+01 2.393054258021970249e+00 4.798588774053459183e+00 5.241060592563972023e+02
1.131531691815338725e+01 2.394993193971790113e+00 4.490744514989910563e+00 5.569679622133760404e+02
1.125772660542157411e+01 2.395216928350738961e+00 4.215360878932069788e+00 5.925994666564853333e+02
