1.885637183881577528e+01 1.722787711367351482e-01 1.293135783300101943e+07 2.118774320986537507e+00
1.798819032818770935e+01 1.818612344265676528e-01 9.896271133635265753e+06 2.301895629774139529e+00
1.726137663479678253e+01 1.918302456496375485e-01 7.641061811314027756e+06 2.496512016660629829e+00
1.664593466595427174e+01 2.021877328252761896e-01 5.932105778113280423e+06 2.703264323158244054e+00
1.612059699834100002e+01 2.129268231592080785e-01 4.639849350560782477e+06 2.922838656192911611e+00
1.566841063201732887e+01 2.240534620303668845e-01 3.648064070640696678e+06 3.155970268596221651e+00
1.527637470289086963e+01 2.355567328831109086e-01 2.883975363393394276e+06 3.403447735842457966e+00
1.493465882353290652e+01 2.474364658616889368e-01 2.291321821435869671e+06 3.666117456059666768e+00
1.463495291954800059e+01 2.596943221134311308e-01 1.829195453516778303e+06 3.944888503210937092e+00
1.437124683275479242e+01 2.723273042543213340e-01 1.465959602436342742e+06 4.240737866351089735e+00
1.413767381780195009e+01 2.853264627088428762e-01 1.179509702042001765e+06 4.554716111072903750e+00
1.392994589744998990e+01 2.987117589416274366e-01 9.525562553371775430e+05 4.887953502712342413e+00
1.374459488387706507e+01 3.124451228957382254e-01 7.721136853464909364e+05 5.240616185165539065e+00
1.357894137521007671e+01 3.265615914152841248e-01 6.281839624583168188e+05 5.613824721288044550e+00
1.343003038473150745e+01 3.410488105696767303e-01 5.123349687004603329e+05 6.009891904519787609e+00
1.329595582642399343e+01 3.559153923345360071e-01 4.192763167165775085e+05 6.430308245458740579e+00
1.317468939907381653e+01 3.711240949443119219e-01 3.440849404277020367e+05 6.875758705696918049e+00
1.306495376372026129e+01 3.867310115573378559e-01 2.831025367457488319e+05 7.346401464976053397e+00
1.296505774717061854e+01 4.026710113861683427e-01 2.335380612466799794e+05 7.846151949355506083e+00
1.287432982464091324e+01 4.190002664904709517e-01 1.931337107058859547e+05 8.376066513084541754e+00
1.279086842529211943e+01 4.356695004431023754e-01 1.601089229900778737e+05 8.935715966101792418e+00
1.271491458489105497e+01 4.527346907497323270e-01 1.330131531787181448e+05 9.530319610919454121e+00
1.264475169038692570e+01 4.701221693020245507e-01 1.107634952880707424e+05 1.015866543557449120e+01
1.258016737631896298e+01 4.878773747085028978e-01 9.238264107880828669e+04 1.082502386134435035e+01
1.252066469703665419e+01 5.060052045028342604e-01 7.721470197305496549e+04 1.153030747147948354e+01
1.246511531364244796e+01 5.244742626972561661e-01 6.466221911698702752e+04 1.227750030536828163e+01
1.241384134203574874e+01 5.433035930664051882e-01 5.424867248970321816e+04 1.306814980956482053e+01
1.236572532081334685e+01 5.624982540966431133e-01 4.559009259954415029e+04 1.390648185909936885e+01
1.232088405714439716e+01 5.820220476373376695e-01 3.837444837928927882e+04 1.479210934460694560e+01
1.227865547725967232e+01 6.019100474245773214e-01 3.234821100108526298e+04 1.573159095828421172e+01
1.223896004475280463e+01 6.221502152777813599e-01 2.731084911398794065e+04 1.671510591221744590e+01
1.220127634565553443e+01 6.428470223956276319e-01 2.306438613986713972e+04 1.776938957134422026e+01
1.216574007986065098e+01 6.640087650182537882e-01 1.949940173438321654e+04 1.886524585145170008e+01
1.213254510389049834e+01 6.857705175503382433e-01 1.648004846539417485e+04 2.005034581329233134e+01
1.210109945683312915e+01 7.081074026088605144e-01 1.393160551964705155e+04 2.125839314818158243e+01
1.207198857244480550e+01 7.311058007703294948e-01 1.178056113086619735e+04 2.257462359255228890e+01
1.204496225910844664e+01 7.547529139487068051e-01 9.955286631596403822e+03 2.391099248294781887e+01
1.202009772475219940e+01 7.790973646038806821e-01 8.418700800462476764e+03 2.537032310406397784e+01
1.199743832320362635e+01 8.040994548055293567e-01 7.118614214012568482e+03 2.684489356192551668e+01
1.197683101906114445e+01 8.298013909406388722e-01 6.021401393873110464e+03 2.845515583974369989e+01
1.195835317899010874e+01 8.561450061917889043e-01 5.095018747397784864e+03 3.008620297610008976e+01
1.194170891009348701e+01 8.831563208597599246e-01 4.315847182685802181e+03 3.185729938946159123e+01
1.192698693399618648e+01 9.108359311426814653e-01 3.654901244495918036e+03 3.366471299877638756e+01
1.191408095186706895e+01 9.391423583912915651e-01 3.099064967442386205e+03 3.561115630480154692e+01
1.190271319882620382e+01 9.680305241937198213e-01 2.629272297230738786e+03 3.761384478612020388e+01
1.189296060147092149e+01 9.975236193852650146e-01 2.233419599602175367e+03 3.975341795574017567e+01
1.188449950793719090e+01 1.027516350547166279e+00 1.898821345482033621e+03 4.197097552549190169e+01
1.187751502164525164e+01 1.058111069394240600e+00 1.616238056930764515e+03 4.432495316756943282e+01
1.187132954584169475e+01 1.089139478300836350e+00 1.377829166185601025e+03 4.677803893346901987e+01
1.186641433428367698e+01 1.120686414084978377e+00 1.174749370719249555e+03 4.937148984836699128e+01
1.186229897079136819e+01 1.152643525043332229e+00 1.003700974271047926e+03 5.208233182289470165e+01
1.185863794929828430e+01 1.184955328463854096e+00 8.585812375829968914e+02 5.494452686646738471e+01
1.185589927410434719e+01 1.217689073293338087e+00 7.352080807326282184e+02 5.793749905561671909e+01
1.185337024292093488e+01 1.250668518364136839e+00 6.305356018491186205e+02 6.110244226456460837e+01
1.185129138561655893e+01 1.283984603479040976e+00 5.414238780609746300e+02 6.440469873857705352e+01
1.184939658485916247e+01 1.317495962326358239e+00 4.657078126639623861e+02 6.791179945293265519e+01
1.184747471795467000e+01 1.351199775909363021e+00 4.011183211898911622e+02 7.155443045395136892e+01
1.184565885327736190e+01 1.385102809261523849e+00 3.459548253884101428e+02 7.545003504454753340e+01
1.184360290668582394e+01 1.419047695477687387e+00 2.987687300101394499e+02 7.947098618534430159e+01
1.184127928251725237e+01 1.453031986308154888e+00 2.584967190568466435e+02 8.378122308246919658e+01
1.183851711780635441e+01 1.487001957096676374e+00 2.239922302011404156e+02 8.825733128395138749e+01
1.183526236367524476e+01 1.520834823298042648e+00 1.944717003103598358e+02 9.300528984327041826e+01
1.183130746458723692e+01 1.554481312620727973e+00 1.691273891941301599e+02 9.804419706164227932e+01
1.182642696414681538e+01 1.587895824368611652e+00 1.473099677097849565e+02 1.032940107516445067e+02
1.182033238436744682e+01 1.620880911030877725e+00 1.286096202750525492e+02 1.088728868458348131e+02
1.181315769824610840e+01 1.653500049921783566e+00 1.124699897395515364e+02 1.147877943602495492e+02
1.180480928633812887e+01 1.685661938550558903e+00 9.855285183215342215e+01 1.210247028199313490e+02
1.179500414825704802e+01 1.717287902561144497e+00 8.651478361889334678e+01 1.276069334848763503e+02
1.178369007262829626e+01 1.748256694745543793e+00 7.612025195402905808e+01 1.345894432567217223e+02
1.177064157504949549e+01 1.778550963016035658e+00 6.710444133259700550e+01 1.419949407394967693e+02
1.175597961951568138e+01 1.808176518917730347e+00 5.925186977243862430e+01 1.498504737660236117e+02
1.173927287339752823e+01 1.836894114242534570e+00 5.243814502229115959e+01 1.581873343682546817e+02
1.172055502053737008e+01 1.864805596165916679e+00 4.649685959382829026e+01 1.670411122145096385e+02
1.170007066206148494e+01 1.891800131388962747e+00 4.132116147336147094e+01 1.764518665695835580e+02
1.167729910453561004e+01 1.917827589654767628e+00 3.678207209587144177e+01 1.864643995520655153e+02
1.165230478547285209e+01 1.942813901817446620e+00 3.281848578798951621e+01 1.971286218989647807e+02
1.162506974416933581e+01 1.966739370660001818e+00 2.933349039003865499e+01 2.085000083545409666e+02
1.159540231255317977e+01 1.989535117833678646e+00 2.627689065948337444e+01 2.206286037276798879e+02
1.156368159480610558e+01 2.011243371044857842e+00 2.357608252864640974e+01 2.335550018876818683e+02
1.152917989649880504e+01 2.031683679143410526e+00 2.119969969173128632e+01 2.473863379041524695e+02
1.149250532932019375e+01 2.050891307899185279e+00 1.910933262926073439e+01 2.621796993187950875e+02
1.145300482471395931e+01 2.068807876764031217e+00 1.725204818077656554e+01 2.780074360507069287e+02
1.141127594308498239e+01 2.085464811468017210e+00 1.560764417150871530e+01 2.949770193695767375e+02
1.136689940907435847e+01 2.100761594481883598e+00 1.415009935400569319e+01 3.131812177808574802e+02
1.132015306995233139e+01 2.114732877668759947e+00 1.285511777176794368e+01 3.327123429068100222e+02
1.127064767213420815e+01 2.127320773901093975e+00 1.170213588651858316e+01 3.537102229042120030e+02
1.121873354990955818e+01 2.138533802793287641e+00 1.067232791875462361e+01 3.762928279449989191e+02
1.116432867322604672e+01 2.148413394495385820e+00 9.752580236672347525e+00 4.005882610944146336e+02
1.110731004221193174e+01 2.156984495389903778e+00 8.925604300386826395e+00 4.267330188325646532e+02
1.104801594789991626e+01 2.164250151930261712e+00 8.185013839395882229e+00 4.548835688318111465e+02
1.098657723586370061e+01 2.170266536219139564e+00 7.518039780817932893e+00 4.852196293518989592e+02
1.092288194677150415e+01 2.175066192472757010e+00 6.916943620393659842e+00 5.179295056296988378e+02
1.085715778480928329e+01 2.178666497167467409e+00 6.373164987689303729e+00 5.532040660309723989e+02
1.078925890297639434e+01 2.181098485012157084e+00 5.880439466771686163e+00 5.912817950688504425e+02
1.071964441908071386e+01 2.182369141235724008e+00 5.435871733052857202e+00 6.324169148812446792e+02
1.064824381202155301e+01 2.182527399673793944e+00 5.032651030290592686e+00 6.768913258400946233e+02
