1.849890906987849704e+01 1.877343223612432388e-01 1.048862515892102383e+07 1.973565587435361923e+00
1.783234086021856868e+01 1.978915758381998569e-01 8.237980184403874911e+06 2.114823275957015358e+00
1.726743489230337758e+01 2.084371484656566131e-01 6.514671584560027346e+06 2.265576592028057945e+00
1.678491597599995089e+01 2.193484173056508557e-01 5.181294548114012927e+06 2.422441283210416962e+00
1.637026075473673714e+01 2.306224370697996795e-01 4.143745149650660343e+06 2.587100592217307593e+00
1.601146883024599532e+01 2.422634085519541347e-01 3.330891411158308387e+06 2.762026517855945773e+00
1.569977356895353715e+01 2.542550412128283255e-01 2.690602800660821144e+06 2.943972149723661946e+00
1.542748129114375999e+01 2.666197860707447687e-01 2.182232527008149773e+06 3.135034167384690651e+00
1.518849290101589489e+01 2.793332342881439390e-01 1.777501992992907297e+06 3.337345082187179290e+00
1.497852467947095434e+01 2.923921217449813037e-01 1.453392069247361040e+06 3.549313079818496863e+00
1.479307342774521850e+01 3.058315764755509258e-01 1.192822096721904818e+06 3.770436481261410844e+00
1.462885181256132761e+01 3.196081851686045083e-01 9.817968897048885701e+05 4.004039551273042896e+00
1.448304206581660125e+01 3.337226074889111938e-01 8.110170301325747278e+05 4.250452666097087828e+00
1.435344045664250778e+01 3.482088051155561303e-01 6.719794629184978548e+05 4.507656499236844638e+00
1.423770372320484512e+01 3.630287296757191418e-01 5.583048074336949503e+05 4.777326050019616410e+00
1.413484458319248738e+01 3.782004476958583106e-01 4.651796168115243199e+05 5.061456499107264584e+00
1.404293102095964940e+01 3.937186975331960492e-01 3.886821288680791622e+05 5.360553681714389285e+00
1.396047382774296963e+01 4.095785104076357652e-01 3.254733052041458432e+05 5.675178994318233805e+00
1.388638895355878944e+01 4.257636982542222781e-01 2.732686463115047081e+05 6.003919282608315200e+00
1.381990643464808954e+01 4.422927131939911605e-01 2.299607407438605733e+05 6.349179146024777509e+00
1.376025690556327419e+01 4.591759168209411102e-01 1.939349695596673992e+05 6.712315653604076893e+00
1.370626213608298372e+01 4.763630151933573309e-01 1.638830056269417983e+05 7.094111669166040635e+00
1.365792871991702739e+01 4.939083332398215842e-01 1.387552352387914143e+05 7.495417391839228394e+00
1.361393822996257974e+01 5.117384561457747338e-01 1.178113053188850172e+05 7.917153235932520516e+00
1.357420796851977052e+01 5.299019704663561203e-01 1.000770955355551996e+05 8.360313280150078796e+00
1.353804472009100124e+01 5.483719751780278262e-01 8.523498132722986338e+04 8.825969255659712687e+00
1.350540163044268382e+01 5.671636975042793072e-01 7.271154461146876565e+04 9.315275059463077767e+00
1.347548661737182485e+01 5.862542910000866359e-01 6.216254541002574842e+04 9.829471792966684163e+00
1.344797146770179808e+01 6.056312994365007363e-01 5.317799848081726668e+04 1.036989333671547620e+01
1.342296261540469438e+01 6.252961483009675803e-01 4.560121024732261867e+04 1.093797248171334502e+01
1.339980512655769296e+01 6.452594962979910642e-01 3.915114650748325948e+04 1.153524764618048337e+01
1.337801231345231301e+01 6.654694548347503957e-01 3.366118863020614663e+04 1.216337021441792388e+01
1.335801371356170542e+01 6.859759930498849911e-01 2.899663768630570485e+04 1.282411254198349759e+01
1.333888544472254445e+01 7.067165852369294843e-01 2.500365997584186698e+04 1.351937667889702155e+01
1.332069037022959535e+01 7.277205043513309546e-01 2.159290841777227615e+04 1.425120387029833502e+01
1.330344863180231485e+01 7.489695617251125315e-01 1.866427260299777481e+04 1.501965522033092881e+01
1.328698127162567033e+01 7.704559172876424000e-01 1.616031926100418059e+04 1.582768102325546700e+01
1.327087936478762842e+01 7.921487300535587917e-01 1.400767721171429912e+04 1.667881390441148781e+01
1.325530516295429706e+01 8.140755654648443862e-01 1.215592796155335600e+04 1.757572580732737677e+01
1.323970487227172654e+01 8.361736902686086603e-01 1.056287939434601503e+04 1.851768925015169032e+01
1.322447287310708397e+01 8.585079288493122629e-01 9.189289612776008653e+03 1.950943440385751870e+01
1.320885629077298873e+01 8.809730440341071445e-01 8.001422529400128951e+03 2.055555294148904721e+01
1.319327819954600223e+01 9.036181330944321743e-01 6.976832490743704511e+03 2.165392197893085324e+01
1.317739299162353461e+01 9.264191878280402248e-01 6.088918960608640191e+03 2.281241225509485915e+01
1.316140609085155511e+01 9.494199680887691617e-01 5.319156753820724589e+03 2.402766416380724479e+01
1.314484555808109079e+01 9.726059074296001805e-01 4.648841940461185004e+03 2.529936359200515739e+01
1.312815355163872333e+01 9.960513153261247865e-01 4.064597035130635959e+03 2.665180128380310620e+01
1.311154604319943395e+01 1.019884054151786179e+00 3.554739399856538967e+03 2.805432441089504536e+01
1.309453678512240948e+01 1.044102913760766027e+00 3.107473839526683150e+03 2.955166353300778681e+01
1.307763282771758462e+01 1.068773274136860296e+00 2.715873664494703007e+03 3.108401044817958692e+01
1.306096409428913674e+01 1.093909016663243916e+00 2.372895652620763940e+03 3.274180567501667127e+01
1.304446087711106017e+01 1.119541367056379411e+00 2.072436193902332434e+03 3.441222271210373407e+01
1.302843566315973689e+01 1.145693103546931768e+00 1.809758103701308755e+03 3.621042836863027503e+01
1.301276882615860231e+01 1.172323254333391240e+00 1.580236229154667626e+03 3.806870682162330155e+01
1.299756537380698695e+01 1.199450972984698272e+00 1.379612995024007660e+03 4.001197256370656419e+01
1.298282206798373295e+01 1.227077817443484875e+00 1.204368096002713173e+03 4.208633049016388128e+01
1.296864371602699784e+01 1.255159367720602992e+00 1.051692590077514978e+03 4.418294356285270652e+01
1.295501812626274152e+01 1.283741448733272783e+00 9.182012112246852666e+02 4.644674667357253384e+01
1.294190687668471007e+01 1.312744643956345270e+00 8.020947915131675927e+02 4.876154338946459177e+01
1.292923895990324290e+01 1.342175009043688805e+00 7.007604115894680490e+02 5.120087738973076341e+01
1.291697049088787885e+01 1.371927795248713222e+00 6.126272748711534177e+02 5.378744053210137821e+01
1.290519516575463044e+01 1.402091485321966813e+00 5.358556125527463792e+02 5.641845760680591582e+01
1.289379063783694335e+01 1.432570676026834411e+00 4.688779719732824560e+02 5.925680468745111540e+01
1.288271452154279828e+01 1.463376438028300086e+00 4.104810138416580685e+02 6.214470159559770934e+01
1.287179191497661002e+01 1.494391154938174981e+00 3.597038132554344543e+02 6.520821352359206458e+01
1.286118965726453034e+01 1.525684160163225167e+00 3.153976075680569124e+02 6.842764041199247060e+01
1.285068888748431171e+01 1.557196751699172710e+00 2.767698128736220156e+02 7.174145346438089632e+01
1.284017738729530400e+01 1.588816300845678597e+00 2.430897881109414413e+02 7.531471879514481316e+01
1.282982742496808548e+01 1.620577488952440248e+00 2.137264223135529164e+02 7.891259410835004928e+01
1.281942758507164548e+01 1.652444507107782012e+00 1.881048570269472293e+02 8.278455957339495797e+01
1.280875967164931239e+01 1.684336275653082859e+00 1.656199205144147868e+02 8.678318332513894973e+01
1.279819452258003132e+01 1.716289468397795392e+00 1.460033796881506589e+02 9.099019571000515327e+01
1.278738999237892493e+01 1.748186045388509191e+00 1.288560659459021736e+02 9.542167580283715722e+01
1.277614898101103158e+01 1.780015450728870130e+00 1.138497601060000193e+02 1.000053350980785751e+02
1.276469370336976006e+01 1.811763535725070984e+00 1.006999769313600979e+02 1.049051400463669665e+02
1.275272873038721322e+01 1.843377604363183320e+00 8.912738525448938276e+01 1.099144973873257953e+02
1.274051058940603909e+01 1.874806210474856627e+00 7.899941098013309215e+01 1.153125227184822563e+02
1.272775525869084845e+01 1.905999966672962120e+00 7.010624141458758629e+01 1.208197981729397412e+02
1.271402394571457783e+01 1.936821413773724743e+00 6.229596059257957563e+01 1.267479258390624324e+02
1.269987832891040647e+01 1.967298865172447897e+00 5.543282043348387589e+01 1.328383148331409132e+02
1.268497176763662004e+01 1.997351700507979277e+00 4.939271186847934558e+01 1.393461079742097297e+02
1.266907057698807115e+01 2.026854230145542779e+00 4.408186793383787716e+01 1.461267763492979554e+02
1.265210936030446831e+01 2.055713145243036166e+00 3.941227509380950522e+01 1.532914413122865085e+02
1.263400598948639519e+01 2.083882940412975948e+00 3.529946026583085228e+01 1.608767352925711407e+02
1.261459635665283585e+01 2.111259122125968890e+00 3.166467025173183458e+01 1.688309807804463105e+02
1.259369589671601730e+01 2.137705923928348462e+00 2.847045145197585825e+01 1.772433177185897648e+02
1.257120363930684626e+01 2.163243292978488608e+00 2.564812814591242685e+01 1.861532192778394119e+02
1.254662422450924630e+01 2.187552788908842416e+00 2.315388134168753353e+01 1.955922233262323573e+02
1.252084999839648027e+01 2.210938127023176936e+00 2.094821320667730546e+01 2.056032572166461421e+02
1.249276451698414192e+01 2.232933454326283318e+00 1.900171613495591671e+01 2.162401028718047371e+02
1.246217006884203649e+01 2.253530280966294708e+00 1.727820857946527155e+01 2.275675254309665831e+02
1.242943404239669825e+01 2.272584404169700090e+00 1.575495176555077848e+01 2.396572473039786644e+02
1.239422995046482967e+01 2.290035440771426511e+00 1.441107046533351266e+01 2.525781798647566632e+02
1.235552649712318107e+01 2.305490018160192278e+00 1.322472498652064310e+01 2.664537339755829635e+02
1.231430041370459882e+01 2.318990892595824693e+00 1.218225814117717931e+01 2.814073697496889395e+02
1.226971204001432092e+01 2.330087301264964328e+00 1.127387331536380621e+01 2.976165671236061598e+02
1.222188887015666126e+01 2.338445853996972801e+00 1.049369047506480079e+01 3.153541605615601497e+02
1.217012098851737001e+01 2.342988136041070479e+00 9.855738784028952537e+00 3.351630227688634136e+02
