1.903250616439954612e+01 1.663627233946211592e-01 1.408556272596634924e+07 2.183312995818659008e+00
1.810345195235961668e+01 1.753259500079558386e-01 1.077137403636930697e+07 2.377122458099001356e+00
1.732460913748172970e+01 1.846594299395227234e-01 8.305383319771155715e+06 2.582909072928459171e+00
1.666390875694040474e+01 1.943814526045952729e-01 6.449122931898524053e+06 2.802096557765503704e+00
1.609950963977700056e+01 2.044634682131271641e-01 5.038289575309373438e+06 3.035500848735817048e+00
1.561331206652895176e+01 2.149109574044332227e-01 3.960953011111586355e+06 3.284000695329584829e+00
1.519054241432380437e+01 2.257147565901270747e-01 3.126643005260397214e+06 3.548542904776198270e+00
1.482209800393439281e+01 2.368901502139471316e-01 2.482012488017703407e+06 3.829374622702089948e+00
1.449791300914934311e+01 2.484241618770404725e-01 1.978632125143765938e+06 4.126963038366796788e+00
1.421210863876956942e+01 2.603055887966382875e-01 1.584427560619233642e+06 4.443604725626652652e+00
1.395818734679327200e+01 2.725407873078856125e-01 1.273586316017996753e+06 4.780552682537157594e+00
1.373214660196851966e+01 2.851520863203037548e-01 1.027369484530583606e+06 5.137477905419691737e+00
1.353001433019299604e+01 2.980907769402875163e-01 8.317973189079822041e+05 5.516065478869297323e+00
1.334877218449669556e+01 3.114108740037273004e-01 6.755408844543831656e+05 5.918948953441724115e+00
1.318521560050341179e+01 3.250633518227303842e-01 5.504853114446962718e+05 6.345429914506691027e+00
1.303749379067871672e+01 3.390733296913189254e-01 4.499457045035165502e+05 6.798050924587052180e+00
1.290361661128386039e+01 3.534492032023551222e-01 3.688042561230986612e+05 7.279026783806452627e+00
1.278193944748558586e+01 3.681869401571474798e-01 3.029836001665903605e+05 7.787605795406447484e+00
1.267081808018287070e+01 3.832339635095083907e-01 2.496593390265831840e+05 8.328788812824479137e+00
1.256961155542364494e+01 3.986736579807654279e-01 2.061612441049608751e+05 8.900399040770409442e+00
1.247622450653049242e+01 4.144534347452359380e-01 1.706465884464955889e+05 9.508354317777355291e+00
1.239090988143454908e+01 4.305830798461456332e-01 1.415744566794244165e+05 1.015101691127854799e+01
1.231192063448424712e+01 4.470865726556677577e-01 1.176656368845298130e+05 1.083322358482813641e+01
1.223890227998202995e+01 4.639311285003084318e-01 9.800880403302327613e+04 1.155600336696490160e+01
1.217158295651199928e+01 4.811523255030589752e-01 8.177170743154575757e+04 1.232091211122376073e+01
1.210862093011659724e+01 4.987061343633522048e-01 6.835778387326977099e+04 1.313251221148112435e+01
1.205052927150791220e+01 5.166547750473613476e-01 5.724720506332795776e+04 1.399109339197314128e+01
1.199558247997798865e+01 5.350060852428735192e-01 4.797000832164625899e+04 1.488631095947610206e+01
1.194473885066193652e+01 5.539002093901622681e-01 4.022368176199117443e+04 1.585174746181242256e+01
1.189697294697997521e+01 5.734514066487156336e-01 3.370929499339609174e+04 1.684470534014065990e+01
1.185285273561973973e+01 5.936999110593980111e-01 2.824084874188412505e+04 1.792285977880111147e+01
1.181244384827991567e+01 6.147307228094287535e-01 2.363819791023191647e+04 1.901079734339619165e+01
1.177557930098555872e+01 6.365567955676556533e-01 1.978999955770565430e+04 2.020183190279736962e+01
1.174243869504269533e+01 6.591757059946644626e-01 1.655217474627288175e+04 2.140409194519747871e+01
1.171305295432974170e+01 6.826446899112402766e-01 1.385049623346358749e+04 2.269211320497156237e+01
1.168727137826522444e+01 7.069015644120836273e-01 1.158774436287311983e+04 2.405209277930288536e+01
1.166502104130358752e+01 7.320213093620053790e-01 9.698871063675647747e+03 2.543692875474525295e+01
1.164621802731413247e+01 7.579308896665516437e-01 8.123261739622976165e+03 2.694846010234988398e+01
1.163078733301774292e+01 7.846559392307613789e-01 6.804903926671602676e+03 2.847033958437650014e+01
1.161843403685340803e+01 8.121530053124869086e-01 5.706818308429955323e+03 3.008830607100092180e+01
1.160894368241568486e+01 8.404053964386545283e-01 4.791632369234102953e+03 3.182543383436576079e+01
1.160228611998236659e+01 8.694185644997228790e-01 4.027080300809430355e+03 3.355839383848998381e+01
1.159819433645644260e+01 8.991703433107318677e-01 3.387775525009291414e+03 3.544422151276355493e+01
1.159639675765062528e+01 9.295921291076409965e-01 2.854381777828837130e+03 3.739421901449816232e+01
1.159675143303011424e+01 9.607032067942049558e-01 2.408005759831904015e+03 3.941423080798237066e+01
1.159909034856817023e+01 9.924637543165580889e-01 2.033921331670634800e+03 4.161151533663677071e+01
1.160315486492762815e+01 1.024812247101741347e+00 1.720913138870545026e+03 4.380123952793601916e+01
1.160883465466940478e+01 1.057745384223471419e+00 1.458073172488587716e+03 4.615808691495671212e+01
1.161565308617648107e+01 1.091178717224225769e+00 1.237683039507207468e+03 4.864397271158241409e+01
1.162389355828848281e+01 1.125174188660256869e+00 1.051816119115815582e+03 5.118164520165004916e+01
1.163309783024077326e+01 1.159619963191701242e+00 8.953519534755525910e+02 5.393709486398449116e+01
1.164315739146093875e+01 1.194521799069791834e+00 7.633724485441114211e+02 5.672644960026351413e+01
1.165389399946149496e+01 1.229807240834777549e+00 6.519229112132784394e+02 5.970101720969458370e+01
1.166511064635521322e+01 1.265412706283714828e+00 5.577186746254964191e+02 6.284066254579415300e+01
1.167678209189865868e+01 1.301344678440045088e+00 4.779473926875498933e+02 6.606495098620767692e+01
1.168869860447965436e+01 1.337601569407325774e+00 4.101527719995449388e+02 6.956303575893026903e+01
1.170072532719648351e+01 1.374039139671660470e+00 3.526370259675781540e+02 7.308667302265250498e+01
1.171261650021804357e+01 1.410674193616462624e+00 3.036108284536747988e+02 7.689017401106373484e+01
1.172436800577574978e+01 1.447432692316445335e+00 2.618336488601378846e+02 8.083198568172382181e+01
1.173608570453226463e+01 1.484328557029939155e+00 2.261742683943741099e+02 8.498505592790445462e+01
1.174724897131384260e+01 1.521230219942740325e+00 1.956947673033440367e+02 8.937592208735958366e+01
1.175791678278202923e+01 1.558119256390001928e+00 1.696022552788775215e+02 9.393527659630484550e+01
1.176795486031519822e+01 1.594916339237718805e+00 1.472646419997152236e+02 9.879943564815586399e+01
1.177726385651681618e+01 1.631579117318006311e+00 1.280927759455291550e+02 1.038390032474085274e+02
1.178566734201713828e+01 1.668000929534716015e+00 1.115907511073672254e+02 1.092085116959830486e+02
1.179302237408529663e+01 1.704138235086631203e+00 9.742290238662695856e+01 1.148163645224134797e+02
1.179930970627695608e+01 1.739936987815178027e+00 8.518415639005881701e+01 1.207450824485330259e+02
1.180410568212406730e+01 1.775202043399584984e+00 7.463780001833109168e+01 1.270224065232029744e+02
1.180777121104346961e+01 1.810062649907822951e+00 6.552064051688252277e+01 1.335824437120113544e+02
1.180955554059420543e+01 1.844276176407996459e+00 5.761866979673514777e+01 1.405713019423246521e+02
1.181013228827753281e+01 1.877956854903678918e+00 5.077712612695504646e+01 1.479303652961226589e+02
1.180872069396223267e+01 1.910817003958372728e+00 4.483174729046970697e+01 1.556869659744677676e+02
1.180590141767125445e+01 1.943100610766461678e+00 3.965214113336329405e+01 1.639276725414154043e+02
1.180058921565014884e+01 1.974381640543864558e+00 3.514653447215344073e+01 1.726708741973426697e+02
1.179374124245109812e+01 2.004939883108998178e+00 3.120660164844802864e+01 1.818965819453007668e+02
1.178440145244150905e+01 2.034401294521752668e+00 2.777076949476807144e+01 1.916775718289403869e+02
1.177307763687976205e+01 2.062970033821455385e+00 2.475845348413254143e+01 2.020706345174137937e+02
1.175961043313472842e+01 2.090471872846108692e+00 2.211746333305488577e+01 2.131161270369192380e+02
1.174378884128302936e+01 2.116937236060539629e+00 1.979119962332299920e+01 2.248608089049236014e+02
1.172561659888716079e+01 2.142221380407861808e+00 1.774831743147142760e+01 2.373579735256228105e+02
1.170510504642567895e+01 2.166380617359513927e+00 1.594555784703057455e+01 2.506677555536028876e+02
1.168213798083177402e+01 2.189269472741333100e+00 1.435578636143165454e+01 2.648575921370181732e+02
1.165649574023538904e+01 2.210883921001300045e+00 1.294964264678234578e+01 2.800028278487863531e+02
1.162849019697023856e+01 2.231215566536616901e+00 1.170424726205612664e+01 2.961874616470575461e+02
1.159790168439453950e+01 2.250240654789904315e+00 1.059895262499144764e+01 3.134698833008129100e+02
1.156459176157575719e+01 2.267845814968662665e+00 9.617489429044487892e+00 3.319591447093115448e+02
1.152885566505956483e+01 2.284089893469852584e+00 8.745990085915002155e+00 3.517908698004712278e+02
1.149029326124105665e+01 2.298884723151672471e+00 7.968973722941643523e+00 3.730413929081497599e+02
1.144925708752423610e+01 2.312261460335655272e+00 7.275518076242744492e+00 3.958623950820277173e+02
1.140550302100878710e+01 2.324188996595355050e+00 6.655378853527939675e+00 4.203836769902318338e+02
1.135905060828159385e+01 2.334603783069260974e+00 6.101942361920967173e+00 4.467901504038715643e+02
1.131014641574819279e+01 2.343525219430421469e+00 5.607258219001873378e+00 4.751999082089253648e+02
1.125846739629928983e+01 2.350937004458404367e+00 5.163103211873750986e+00 5.058558131930243462e+02
1.120416063576395338e+01 2.356821893384632993e+00 4.764614749781803660e+00 5.389672326658155725e+02
1.114739056217089797e+01 2.361163524656431090e+00 4.407181543539513413e+00 5.747741259025581257e+02
1.108831248911220158e+01 2.364039553059360976e+00 4.086734694039780180e+00 6.135498099511145256e+02
1.102655790399094471e+01 2.365332537422175641e+00 3.797478605349336345e+00 6.556045630132592805e+02
