1.859393721372072150e+01 1.828739930924448698e-01 1.117528660314632207e+07 2.016361324347407002e+00
1.792446228392605434e+01 1.920462352111188820e-01 8.883757423317691311e+06 2.156884796206200328e+00
1.735141126262850264e+01 2.015498083975199306e-01 7.106090421419869177e+06 2.304738521341639146e+00
1.685759231541214831e+01 2.113626927313824455e-01 5.713535731984008104e+06 2.461380038516172153e+00
1.642893391594857277e+01 2.215018234376195938e-01 4.616712189114380628e+06 2.624699216902883769e+00
1.605520428477312933e+01 2.319403733058119921e-01 3.748087362792438362e+06 2.795553390218013412e+00
1.572758152098338336e+01 2.426915844218266172e-01 3.055910178669210989e+06 2.976097705647295033e+00
1.543863532912500247e+01 2.537597886516853030e-01 2.500935040509269107e+06 3.166345740741976389e+00
1.518331804573443300e+01 2.651233524335346314e-01 2.054674546566033969e+06 3.363355479070441412e+00
1.495663857004145214e+01 2.768043490766620707e-01 1.693982535956813022e+06 3.571137401339156359e+00
1.475479920279734358e+01 2.887718864474736469e-01 1.401778856522964546e+06 3.789996478196118623e+00
1.457453495456256043e+01 3.010633739172324796e-01 1.162480706454664934e+06 4.020236739004218407e+00
1.441270312987389168e+01 3.136562987112207490e-01 9.672086487531209132e+05 4.259255448884970541e+00
1.426764794593476182e+01 3.265292278487198496e-01 8.073725875148738269e+05 4.510740113275516272e+00
1.413734961931862344e+01 3.397354724346675625e-01 6.753161632510024356e+05 4.775120399319075837e+00
1.401922495614228481e+01 3.532219424437360034e-01 5.664723653683491284e+05 5.052865687504457526e+00
1.391294152536330131e+01 3.670027923613464749e-01 4.763153163168705651e+05 5.344485488488834868e+00
1.381696038062481158e+01 3.811016182834818800e-01 4.013385266160406754e+05 5.648984039029950388e+00
1.372952602230949992e+01 3.954793820016545558e-01 3.390864704972182517e+05 5.968158123966304629e+00
1.365029796320999189e+01 4.101528291392226300e-01 2.870324686781805358e+05 6.303226742883516920e+00
1.357793161930174364e+01 4.251253823808815446e-01 2.433189602249110758e+05 6.654867389463191785e+00
1.351231150532622749e+01 4.404034306656937625e-01 2.067812954538336780e+05 7.023807749863718364e+00
1.345228670668854321e+01 4.559383101964633034e-01 1.760614942255779169e+05 7.410827958541471361e+00
1.339736925104623388e+01 4.717778380996494603e-01 1.501448799901865423e+05 7.816763170914914127e+00
1.334717640899583735e+01 4.879086484729987516e-01 1.282657681018572912e+05 8.242506441134683115e+00
1.330088592007922976e+01 5.043071450739743389e-01 1.097933166706472839e+05 8.689011900579668435e+00
1.325831101825290403e+01 5.209644728929057056e-01 9.411797062280988030e+04 9.157298238659677736e+00
1.321916779313204238e+01 5.379381950907379251e-01 8.079693271730265405e+04 9.648452492481183640e+00
1.318270767634352580e+01 5.551513565006879203e-01 6.946144862975383876e+04 1.016363415622530830e+01
1.314937015921418251e+01 5.726705544782781931e-01 5.982466364925783273e+04 1.070407962492040888e+01
1.311839135315544524e+01 5.904359791251237999e-01 5.157717282025525492e+04 1.127110699083207734e+01
1.308923324294548429e+01 6.084425982774727126e-01 4.453980661577676074e+04 1.186612121407256204e+01
1.306189141588441238e+01 6.266971784183095195e-01 3.850248348025625455e+04 1.249061969235126845e+01
1.303621329858506961e+01 6.452250926311092760e-01 3.334285250489281316e+04 1.314619825813207399e+01
1.301188019240710325e+01 6.639675076776326845e-01 2.889018153291287308e+04 1.383440314105599356e+01
1.298906318678528926e+01 6.829760367559815082e-01 2.507969129274815350e+04 1.455456054578168512e+01
1.296704635778504766e+01 7.022258392964847440e-01 2.178449988597489209e+04 1.531083146580845344e+01
1.294637133679834307e+01 7.217102575701578315e-01 1.895216649737854459e+04 1.610524581645543662e+01
1.292629708286507473e+01 7.413994218873599662e-01 1.649931561818489354e+04 1.693996656407052015e+01
1.290681106890313856e+01 7.613032553202906394e-01 1.438568215970203710e+04 1.781457268687090689e+01
1.288741579836225526e+01 7.813950353920693370e-01 1.254824691629083645e+04 1.873224857453933367e+01
1.286912283919143363e+01 8.017129074250859411e-01 1.096142058998761786e+04 1.969705804043388753e+01
1.285091298941155458e+01 8.222461528590185864e-01 9.583521716297836974e+03 2.070927316065533219e+01
1.283298606302992617e+01 8.429649015973524895e-01 8.385960107832215726e+03 2.176348678174304752e+01
1.281532084489706769e+01 8.639126102604313129e-01 7.342894209045773096e+03 2.287473772613711986e+01
1.279773598951171643e+01 8.850860715870821904e-01 6.434792246362723745e+03 2.404302869274491528e+01
1.278028824237114236e+01 9.065713532587073020e-01 5.639581866863808500e+03 2.526588800837271975e+01
1.276307369853179452e+01 9.283223167349601290e-01 4.945522879832310537e+03 2.654908370766923653e+01
1.274600670800426627e+01 9.504066837055342720e-01 4.337574466354813921e+03 2.788986378355312112e+01
1.272920167541690084e+01 9.728047641339914176e-01 3.806011839554608287e+03 2.929904905837457463e+01
1.271263445583991647e+01 9.955347699034519104e-01 3.338970474623659811e+03 3.076562596839198704e+01
1.269620403995135938e+01 1.018600515810828888e+00 2.930536548454728290e+03 3.231284299215602829e+01
1.268010570044514118e+01 1.042025732519793024e+00 2.572265778236053393e+03 3.391483799784348463e+01
1.266416744130461858e+01 1.065743832279054892e+00 2.258500209512203583e+03 3.561280383589246412e+01
1.264859052055550315e+01 1.089848672996938772e+00 1.983353253375513304e+03 3.736173069244886591e+01
1.263325226603756768e+01 1.114229175815636852e+00 1.742570589117891586e+03 3.922377945636663554e+01
1.261810428992009214e+01 1.138953471822859331e+00 1.531230414981207332e+03 4.113318927690286841e+01
1.260317653721311615e+01 1.163963311661148303e+00 1.346305795393401240e+03 4.317336727931198936e+01
1.258849443182720407e+01 1.189236898227906236e+00 1.184375795311612819e+03 4.525901362466137101e+01
1.257393863130725720e+01 1.214781436394777758e+00 1.042125654472318956e+03 4.749227257050031881e+01
1.255959127459856717e+01 1.240630841682027086e+00 9.175187122022466610e+02 4.977231241829097286e+01
1.254519216511141799e+01 1.266651865767544738e+00 8.084333286648536614e+02 5.221476511493345640e+01
1.253095533898643232e+01 1.292932377105004305e+00 7.125031619432505750e+02 5.471000702165956397e+01
1.251676206513362644e+01 1.319370900254815293e+00 6.284846369679950158e+02 5.737922630082815090e+01
1.250238693339788298e+01 1.345978727062363545e+00 5.546446995088178937e+02 6.011343503514351738e+01
1.248806138045397418e+01 1.372745798462906563e+00 4.899338399331047640e+02 6.302878829431856644e+01
1.247359814254887311e+01 1.399630101874310473e+00 4.329827890392332392e+02 6.602905490558187296e+01
1.245893144230788430e+01 1.426617405531111160e+00 3.829925359845026378e+02 6.921207459382887350e+01
1.244420741079053272e+01 1.453670855245313476e+00 3.390718345403448666e+02 7.250926179862254628e+01
1.242899596504602400e+01 1.480768920624390583e+00 3.003531348406598340e+02 7.598423298932888770e+01
1.241362161385717044e+01 1.507882158694896724e+00 2.663020903938370338e+02 7.961397066208949980e+01
1.239802926024876228e+01 1.534998811928748319e+00 2.363290320786751408e+02 8.340939764628051023e+01
1.238178663657207679e+01 1.562039961264406474e+00 2.098429567244660916e+02 8.741562764856128354e+01
1.236556406706958633e+01 1.589021712020118438e+00 1.866094930793389040e+02 9.156466375765877785e+01
1.234843857864379579e+01 1.615819634958810980e+00 1.660846271787312105e+02 9.595960364598543890e+01
1.233070284155577490e+01 1.642372854370146129e+00 1.480027013133004630e+02 1.005467144443764198e+02
1.231235260317110125e+01 1.668740359179420096e+00 1.320312591937680224e+02 1.053553923880017180e+02
1.229308939678571022e+01 1.694754867285566569e+00 1.179423823461186629e+02 1.104302312022895620e+02
1.227329108290500059e+01 1.720471993934367338e+00 1.054765248911915592e+02 1.157526484638929674e+02
1.225234773613449590e+01 1.745757692405655037e+00 9.448036408946038023e+01 1.213268985080464546e+02
1.223027874179337715e+01 1.770577048225103312e+00 8.472069727657871852e+01 1.272050501684626198e+02
1.220731639775040023e+01 1.794966850211038301e+00 7.606499929768231993e+01 1.333994184893249724e+02
1.218305158807449295e+01 1.818781521317685224e+00 6.839940274896834183e+01 1.399252101220690747e+02
1.215801844269473264e+01 1.842092636556372343e+00 6.160042575935720777e+01 1.467886453539305762e+02
1.213125343128439404e+01 1.864739492401143339e+00 5.555116897862320968e+01 1.540163086083681492e+02
1.210357630270428331e+01 1.886781749055362889e+00 5.017143456928410217e+01 1.616442822853189796e+02
1.207408836428339072e+01 1.908092824619565642e+00 4.536965175745736900e+01 1.696975609899250799e+02
1.204326304438614414e+01 1.928691674231387765e+00 4.109263899462916214e+01 1.782040633673145464e+02
1.201099774989729774e+01 1.948578851058378136e+00 3.726541917939101722e+01 1.871947442454153361e+02
1.197728617422586872e+01 1.967648802308769707e+00 3.385727673779724256e+01 1.967037593844750631e+02
1.194180832651703739e+01 1.985925740009765184e+00 3.079680151772573993e+01 2.067640907047741905e+02
1.190496992839685753e+01 2.003363837482659005e+00 2.805776613877366188e+01 2.174007140452772830e+02
1.186652176719940677e+01 2.019955473495337550e+00 2.559638274250058387e+01 2.286741968936769638e+02
1.182622607649312840e+01 2.035602224120157899e+00 2.338973331322756266e+01 2.406339608598764528e+02
1.178420506905496268e+01 2.050380905384479924e+00 2.140074429715656734e+01 2.533317172902098662e+02
1.174057519455841891e+01 2.064182899914746017e+00 1.961444014914530243e+01 2.667837964869755751e+02
1.169521083010737605e+01 2.077044658362114049e+00 1.800201759609580421e+01 2.810943296918327405e+02
1.164816067492781571e+01 2.088966245393821808e+00 1.654658788522555923e+01 2.962981962938268339e+02
1.159934291410568186e+01 2.099873115066562601e+00 1.523576789115739416e+01 3.124800245608917066e+02
1.154890595455133528e+01 2.109802654269679945e+00 1.404551732380314455e+01 3.296982173013815327e+02
1.149662656083654255e+01 2.118665123380122139e+00 1.297353601725080097e+01 3.480634867939968444e+02
1.144269486098101929e+01 2.126494088746749611e+00 1.200087389393856618e+01 3.676707548116820021e+02
1.138719178322469361e+01 2.133141630824329837e+00 1.112486181775569172e+01 3.886414939303247138e+02
1.132982486701458136e+01 2.138550151342459849e+00 1.033675873516640564e+01 4.111229141217080496e+02
1.127071721415745387e+01 2.142665856233278099e+00 9.626491815374963679e+00 4.352894093393250614e+02
1.120994860097060730e+01 2.145367276030638148e+00 8.992925410244389184e+00 4.613284012391632700e+02
1.114760019027668214e+01 2.146556259837841374e+00 8.427725416840491590e+00 4.894864406613421579e+02
