1.856303758707130314e+01 1.844697436810898150e-01 1.094853429367521591e+07 2.001030975868078876e+00
1.782547699034741484e+01 1.950471524977364646e-01 8.446756984359825030e+06 2.158930457163645844e+00
1.720668544749231188e+01 2.060416132578410664e-01 6.567443967867922038e+06 2.326707389146294602e+00
1.668334707073124434e+01 2.174473624187954202e-01 5.141816689062629826e+06 2.503740611567095264e+00
1.623686653811041225e+01 2.292596283259365486e-01 4.051265979191824328e+06 2.688980622561695899e+00
1.585310429848798286e+01 2.414691559133450294e-01 3.209187311264317017e+06 2.885445947475505424e+00
1.552161378322242591e+01 2.540927674943890269e-01 2.555354249660825823e+06 3.093542110499254427e+00
1.523410141883657509e+01 2.670958139530431041e-01 2.045348510587544180e+06 3.313717954710909019e+00
1.498270271358842898e+01 2.805125089023852714e-01 1.643636083075258182e+06 3.545103367824237406e+00
1.476263804515995659e+01 2.943075441507639889e-01 1.327157319173768628e+06 3.788572576398494540e+00
1.456891103566813150e+01 3.085106146940030380e-01 1.075243067357798340e+06 4.045994059259145459e+00
1.439793896095752146e+01 3.230956202638323727e-01 8.745807396401491715e+05 4.317986278842655956e+00
1.424672939246022985e+01 3.380739936283765901e-01 7.141266263467465760e+05 4.605221061269328509e+00
1.411281641479468263e+01 3.534524135619545038e-01 5.846916434304672293e+05 4.908425964121398088e+00
1.399333151752156290e+01 3.692046624384646147e-01 4.804011875841625151e+05 5.228387207253944347e+00
1.388673313445843149e+01 3.853476482993074548e-01 3.958679544476749143e+05 5.565953115501835136e+00
1.379144723055427946e+01 4.018749997239206007e-01 3.271453892593194614e+05 5.922038045562487696e+00
1.370646303640499397e+01 4.187862070188440033e-01 2.710376656322328490e+05 6.297626786695876611e+00
1.363013339682310487e+01 4.360819090920111107e-01 2.251978676843450521e+05 6.693779438238963486e+00
1.356111667102232055e+01 4.537303553665628097e-01 1.874999822894922982e+05 7.111636777641217044e+00
1.349946338936329404e+01 4.717573530613475841e-01 1.565578598451261641e+05 7.552426141716433783e+00
1.344350134930313878e+01 4.901519570618761978e-01 1.310639575862672355e+05 8.017467851716554961e+00
1.339287139923562897e+01 5.089206161443021736e-01 1.097967657329229842e+05 8.508182220125473094e+00
1.334698111830741318e+01 5.280516440893419094e-01 9.225419565339900146e+04 9.026097184084587610e+00
1.330509417557506779e+01 5.475226867582455581e-01 7.767870899289245426e+04 9.572856617357972553e+00
1.326695882590400366e+01 5.673293999368702600e-01 6.553511101858207985e+04 1.015022937993146890e+01
1.323185044727581250e+01 5.874958424096927700e-01 5.537757594905243604e+04 1.076011917189791767e+01
1.319979290406661221e+01 6.080185481267421643e-01 4.686755937029659981e+04 1.140457526636364349e+01
1.316972405230558429e+01 6.288114549840811973e-01 3.975876346093763277e+04 1.208308014138317255e+01
1.314203813763418971e+01 6.499672420441660048e-01 3.377260699667700828e+04 1.279948918727664164e+01
1.311622019349607449e+01 6.714459237337204733e-01 2.873691946746857866e+04 1.355705227316597750e+01
1.309176467460699023e+01 6.932016465607406808e-01 2.448651702085298894e+04 1.435786018208747805e+01
1.306854115828680030e+01 7.152862800070546312e-01 2.089489853945295908e+04 1.520080829851703363e+01
1.304660719049453199e+01 7.376243315023521818e-01 1.786204248765913871e+04 1.609302801710139619e+01
1.302542042348050622e+01 7.602598162823310801e-01 1.528737602227987554e+04 1.703538652408055754e+01
1.300502201484884424e+01 7.831431351182616130e-01 1.310245083985639030e+04 1.802958374942691222e+01
1.298540619431766174e+01 8.063508288904909227e-01 1.124456803177006805e+04 1.908215511142928378e+01
1.296551588038663461e+01 8.297347163915201884e-01 9.660487592378791305e+03 2.019114036226753583e+01
1.294629434027190129e+01 8.534009018562972448e-01 8.310690394510102124e+03 2.136580521325091908e+01
1.292704317328550445e+01 8.772844998323908738e-01 7.157589536081869483e+03 2.259428092768422047e+01
1.290791923057045487e+01 9.015527446473329265e-01 6.166230813983695953e+03 2.390149643774002186e+01
1.288904429881737279e+01 9.261290320926433006e-01 5.317168581761357018e+03 2.527057240172453234e+01
1.287047469917418496e+01 9.512689158950199397e-01 4.582172135105692178e+03 2.672669752425737144e+01
1.285218681048140255e+01 9.768705141817189963e-01 3.948999413429326978e+03 2.824075553209836897e+01
1.283423265361182075e+01 1.003101577702616654e+00 3.401255035509455411e+03 2.984703397267452374e+01
1.281713416049340637e+01 1.029884237959016291e+00 2.930844135140730486e+03 3.152690619163296049e+01
1.280059656094628018e+01 1.057269966021127772e+00 2.522859248100436162e+03 3.328731203546308848e+01
1.278489164965868774e+01 1.085256784005024011e+00 2.172753902724898126e+03 3.515769306429088914e+01
1.276993780932208011e+01 1.113852441008022165e+00 1.870872540896380769e+03 3.707962499087411601e+01
1.275597690169841769e+01 1.143104790084402689e+00 1.610641131150814545e+03 3.916613054842422059e+01
1.274267274471666944e+01 1.172847284954211977e+00 1.387308886220632303e+03 4.126066040536543511e+01
1.273016079714841098e+01 1.203178051035657337e+00 1.195241651238837676e+03 4.353515908910071630e+01
1.271859324320995555e+01 1.234071778829196386e+00 1.030026187189778739e+03 4.587043523790237742e+01
1.270762954200080941e+01 1.265438483816440307e+00 8.881473161602293658e+02 4.834573606294412684e+01
1.269734919562806219e+01 1.297266009831324007e+00 7.662758549871746254e+02 5.095211240851534740e+01
1.268765452701177132e+01 1.329556787305616439e+00 6.617868762566911300e+02 5.364813894571081221e+01
1.267862987118245144e+01 1.362255651504881371e+00 5.718096696284404743e+02 5.655249516489755024e+01
1.266987993386895006e+01 1.395289306267442075e+00 4.943992136732230733e+02 5.949339754994192475e+01
1.266179930340718585e+01 1.428741822754657997e+00 4.279763762735498176e+02 6.268245214489162009e+01
1.265367533421518687e+01 1.462373680347246241e+00 3.707368969230619768e+02 6.593725940556022636e+01
1.264589046147556317e+01 1.496287773935840004e+00 3.215904011071501145e+02 6.942029058287913301e+01
1.263849342454188296e+01 1.530457325290261350e+00 2.791981850543328960e+02 7.304145047024942983e+01
1.263095667321388049e+01 1.564750930874108104e+00 2.426824571173202685e+02 7.685470492349192284e+01
1.262325287663943207e+01 1.599143917877897891e+00 2.111879935051859434e+02 8.087510967008454088e+01
1.261553064018761106e+01 1.633654312136631592e+00 1.839293041739603893e+02 8.506062338140176848e+01
1.260755308914085049e+01 1.668113610853677597e+00 1.604556750559556519e+02 8.951639023633714487e+01
1.259933198421605738e+01 1.702606729293431487e+00 1.401351907361112126e+02 9.412272786112851009e+01
1.259083125145679283e+01 1.737038972296264028e+00 1.225404776537324523e+02 9.905444627067379315e+01
1.258181445161966394e+01 1.771340594922342193e+00 1.073083034065747370e+02 1.041386734443482993e+02
1.257227425337333315e+01 1.805499609314429321e+00 9.406436512562302710e+01 1.095914166879655340e+02
1.256229544523222508e+01 1.839459110137969367e+00 8.257454616527104463e+01 1.152264943631756040e+02
1.255132508345481135e+01 1.873012086840160073e+00 7.260626345403551340e+01 1.212458216017100341e+02
1.253966690874211309e+01 1.906237092118554743e+00 6.395093740648077585e+01 1.275269147254444135e+02
1.252724876295100565e+01 1.939054153946462300e+00 5.639491394660313262e+01 1.341737489554755314e+02
1.251362477266568796e+01 1.971323438284946050e+00 4.982711380970222592e+01 1.412161286837551017e+02
1.249897244739380930e+01 2.003029793959081761e+00 4.409268352936746993e+01 1.485767525103984781e+02
1.248298220025725236e+01 2.034031480788952351e+00 3.908769109721644242e+01 1.564117455215014729e+02
1.246574969772962760e+01 2.064334793647398136e+00 3.472626768340214909e+01 1.646988991421570745e+02
1.244695056480213857e+01 2.093832399292874236e+00 3.088931548454409182e+01 1.734113121836606410e+02
1.242677262370476399e+01 2.122466587607792832e+00 2.753488876013117803e+01 1.826680701186195961e+02
1.240478148538658765e+01 2.150173538839788900e+00 2.459183260373090008e+01 1.924933765909709393e+02
1.238120927239994806e+01 2.176932112654980767e+00 2.200436623247671974e+01 2.029190788999872268e+02
1.235563819320593915e+01 2.202622712625079693e+00 1.972552059065298025e+01 2.139678824931185943e+02
1.232825160199981340e+01 2.227220158180128973e+00 1.772063376350677188e+01 2.256955199778737722e+02
1.229876963225083131e+01 2.250670766415439061e+00 1.594835043165272737e+01 2.381752175695222604e+02
1.226775930786306290e+01 2.273000214724835821e+00 1.438637755293987652e+01 2.514646973277789073e+02
1.223393386127330551e+01 2.293954127204334004e+00 1.300337344502674597e+01 2.656296179481453805e+02
1.219817495751685144e+01 2.313691185772307257e+00 1.177191786830876730e+01 2.807395030408161460e+02
1.216021104664692309e+01 2.332102369712232726e+00 1.068189352794057889e+01 2.968484035663133227e+02
1.212026112910655407e+01 2.349194969561330115e+00 9.713108725542731747e+00 3.140730585828017638e+02
1.207726078693490557e+01 2.364753036889365223e+00 8.849458501005651456e+00 3.325175205719475002e+02
1.203242159363573549e+01 2.378939332160225018e+00 8.083167113653173530e+00 3.522840541653561672e+02
1.198531361297712117e+01 2.391758917047404953e+00 7.396233331719061610e+00 3.734514069011507331e+02
1.193525990709223805e+01 2.402954027463424236e+00 6.782395449184469349e+00 3.962162188575256323e+02
1.188307651579936675e+01 2.412700367825324044e+00 6.234584077690115578e+00 4.206490921780801955e+02
1.182846819932485616e+01 2.420880117030285827e+00 5.743641477050458910e+00 4.469700943415270444e+02
1.177130591202611498e+01 2.427547850756170078e+00 5.303157119845618439e+00 4.753442674911477184e+02
1.171177939474198304e+01 2.432577364694528121e+00 4.909210400553705611e+00 5.059536916851630508e+02
1.164975568555150964e+01 2.436030043256028677e+00 4.555395794880530147e+00 5.390439611916968943e+02
1.158560441819812503e+01 2.437937325743827710e+00 4.237775677395888785e+00 5.748774088942417393e+02
1.151881297915890734e+01 2.438129127630507043e+00 3.952943981145772501e+00 6.137599151846461609e+02
