1.953141703843742505e+01 1.541141071804986717e-01 1.709170544973323867e+07 2.334116306984116651e+00
1.844385751543615726e+01 1.618568181520280702e-01 1.303509264072441310e+07 2.555875010879383069e+00
1.753214245758063683e+01 1.699432116972225126e-01 1.000588850320434570e+07 2.792658481163947659e+00
1.675874015586385113e+01 1.783803939511074688e-01 7.744617112713079900e+06 3.046457364053435590e+00
1.609677026823950285e+01 1.871511249553623746e-01 6.026571600469794124e+06 3.317252250229658195e+00
1.552580036128246377e+01 1.962639740263889543e-01 4.716618432660227641e+06 3.607239390614961572e+00
1.502938064134142060e+01 2.057039470711721774e-01 3.711604523043841124e+06 3.915936900073485827e+00
1.459530390190125537e+01 2.154702168508308979e-01 2.935693425808521453e+06 4.246456475705811862e+00
1.421289791893095433e+01 2.255799977878412410e-01 2.331174216407982167e+06 4.597892625146422496e+00
1.387407502443764251e+01 2.360106532464790741e-01 1.858157599236976588e+06 4.973070442090741672e+00
1.357297064162316858e+01 2.467808657590967458e-01 1.487324132651891327e+06 5.373554648183996640e+00
1.330402188998758284e+01 2.578713495428121005e-01 1.194616483169335406e+06 5.798693934415982909e+00
1.306231507471841446e+01 2.693270275538606762e-01 9.631489325281938072e+05 6.251978767939276871e+00
1.284460635276170493e+01 2.811128044959285699e-01 7.784108948077862151e+05 6.734874890356161714e+00
1.264769335546518825e+01 2.932392301365928655e-01 6.309408405984858982e+05 7.247956098179202833e+00
1.246913624649064722e+01 3.057441375468800682e-01 5.128789213588593411e+05 7.793029655142541756e+00
1.230676628636921421e+01 3.186046382227564755e-01 4.178570405212492333e+05 8.372647568996345768e+00
1.215830625419265232e+01 3.318271789606853650e-01 3.413382101141241146e+05 8.988612479348466522e+00
1.202295528113582357e+01 3.454585795868778120e-01 2.793796759385353071e+05 9.642610180743728776e+00
1.189884689598164691e+01 3.594742014028078358e-01 2.291503817126509675e+05 1.033512934964036667e+01
1.178418282854022969e+01 3.739785070680308188e-01 1.880684552327477140e+05 1.105516713605468837e+01
1.167850373243992301e+01 3.891182746462109598e-01 1.543158909021702129e+05 1.183958043523607806e+01
1.158128868830328351e+01 4.050354266206382392e-01 1.264372302930138976e+05 1.262613607520733794e+01
1.149219038818844218e+01 4.217789196628784487e-01 1.034744647092381347e+05 1.349228269893087706e+01
1.141172819357838542e+01 4.393550884084770902e-01 8.463581369508663192e+04 1.437038822791335768e+01
1.133928554230256580e+01 4.578782758696543498e-01 6.916460948668442143e+04 1.529128064626569206e+01
1.127506751860814305e+01 4.772972381388811969e-01 5.649651513290726143e+04 1.630308520051326227e+01
1.121877425464877653e+01 4.976088770947742490e-01 4.617687079222716420e+04 1.729456469989790790e+01
1.117020848784533626e+01 5.188739811939898638e-01 3.775128828038879874e+04 1.834907711106597361e+01
1.112883615811003679e+01 5.410529093514820920e-01 3.090196317036018445e+04 1.950425326213017740e+01
1.109436111020998972e+01 5.641281560015385388e-01 2.530558026865236752e+04 2.065089627543394357e+01
1.106641563242205528e+01 5.881101139528506216e-01 2.075667169439868667e+04 2.184450130609797469e+01
1.104466876835653011e+01 6.130032449736912969e-01 1.705015509971898064e+04 2.314807287586983264e+01
1.102841189071679828e+01 6.387279073154646936e-01 1.403067352482249953e+04 2.449393301956731861e+01
1.101739427225492918e+01 6.653451169911213103e-01 1.156348775046481205e+04 2.583918811082947187e+01
1.101119207440422620e+01 6.927949674250077905e-01 9.550408121837739600e+03 2.730432093094765733e+01
1.100949959916022713e+01 7.210778723236892507e-01 7.902472206582810031e+03 2.888786287489353199e+01
1.101163436145168362e+01 7.501292358676430183e-01 6.552324236754245248e+03 3.040423859690056574e+01
1.101741264431489675e+01 7.799979538744883367e-01 5.442549540267580596e+03 3.205187540080743958e+01
1.102671882238715462e+01 8.106634530514286174e-01 4.530165243345558338e+03 3.384507231082432810e+01
1.103895141824179937e+01 8.420152993981200318e-01 3.780275714610460000e+03 3.561933429202187540e+01
1.105369553255403225e+01 8.740938446584499699e-01 3.159461611046881444e+03 3.747791538623259555e+01
1.107094850649577822e+01 9.069161258326509101e-01 2.645834575502492953e+03 3.949676986873613771e+01
1.109017803486137232e+01 9.403301680262559081e-01 2.220647253067105794e+03 4.157509868831828470e+01
1.111129185684903575e+01 9.743948559459293390e-01 1.867671202187421386e+03 4.368080769335786329e+01
1.113415766749915292e+01 1.009118134036902648e+00 1.573522510846319619e+03 4.596472019611471183e+01
1.115821390985240491e+01 1.044341039167098861e+00 1.328879797354405582e+03 4.837693806662159091e+01
1.118327907121053677e+01 1.080083708418828170e+00 1.124290094998063751e+03 5.077455630209573201e+01
1.120948625787552722e+01 1.116409557747222170e+00 9.528720073479311168e+02 5.337234799271368502e+01
1.123649822040689727e+01 1.153176556934216057e+00 8.093997851486238915e+02 5.614977470161820605e+01
1.126400973137135786e+01 1.190335410827139340e+00 6.887672697248799523e+02 5.889415309484367356e+01
1.129196576181603007e+01 1.227971638427737933e+00 5.870961758583705432e+02 6.186568324256774076e+01
1.132021690718432261e+01 1.265931965069340359e+00 5.013893912219987783e+02 6.504369929315203080e+01
1.134846983103564355e+01 1.304175159883344648e+00 4.290642645523342935e+02 6.820188768081614228e+01
1.137683952497516593e+01 1.342711792477425004e+00 3.678307932889255767e+02 7.162041496061269186e+01
1.140491703747057528e+01 1.381505255059289228e+00 3.158185166233608925e+02 7.524085547360891724e+01
1.143273359700592273e+01 1.420466044406097472e+00 2.717140677041481922e+02 7.889499265535059180e+01
1.146019619679087320e+01 1.459611666015321996e+00 2.341011025067693936e+02 8.285039340400480512e+01
1.148710441620899658e+01 1.498802818733773634e+00 2.021005679650491800e+02 8.696473814921755263e+01
1.151347409883830508e+01 1.538110157866172223e+00 1.747384700785584357e+02 9.121750099023930147e+01
1.153913114349498592e+01 1.577410658221124473e+00 1.513605797544999803e+02 9.582238081405424168e+01
1.156381018283499529e+01 1.616601834926546299e+00 1.313293848169737146e+02 1.004979926344574892e+02
1.158775613076902999e+01 1.655762656670212829e+00 1.141328029354655058e+02 1.054882551875988383e+02
1.161057346939032264e+01 1.694700746918890610e+00 9.937815029938916211e+01 1.107514657397047415e+02
1.163214788236644637e+01 1.733379757579674552e+00 8.667986945821307643e+01 1.162174519637257220e+02
1.165257766526069183e+01 1.771690118686040760e+00 7.578048696283819652e+01 1.220636325765925392e+02
1.167134887552805367e+01 1.809654179188201040e+00 6.633387116317787502e+01 1.281103336558022363e+02
1.168843050371962455e+01 1.847035872886809482e+00 5.819647117554762161e+01 1.345770494390354770e+02
1.170409984821827898e+01 1.883933997238792513e+00 5.115693297503442949e+01 1.413218307807813687e+02
1.171774133546364638e+01 1.920151463821751392e+00 4.505493786598444927e+01 1.484793873561265798e+02
1.172954347326280100e+01 1.955638037573790067e+00 3.976171420641984611e+01 1.560577430087399193e+02
1.173926981264688685e+01 1.990340561637973016e+00 3.517369717940346874e+01 1.640073327721788132e+02
1.174672639574693633e+01 2.024161992406727339e+00 3.116249684140304410e+01 1.724718666478318880e+02
1.175211896402463019e+01 2.057087822364596974e+00 2.767254477191326245e+01 1.814546543696146159e+02
1.175480673041036361e+01 2.088912703946316896e+00 2.462786232568706168e+01 1.909141217403658288e+02
1.175514703483855250e+01 2.119685589974516393e+00 2.196258235056239982e+01 2.009798104198205522e+02
1.175238187420617386e+01 2.149142881885476530e+00 1.963213932559158437e+01 2.116868588324140035e+02
1.174748499092444654e+01 2.177493073272723567e+00 1.758886834647305264e+01 2.230817662076038914e+02
1.173939233349499212e+01 2.204438985594243672e+00 1.579190903172976768e+01 2.352217971127426210e+02
1.172828647431404470e+01 2.229946997938362596e+00 1.421279644554215338e+01 2.481749826459890471e+02
1.171393457424978379e+01 2.253902592592739396e+00 1.282377287836511393e+01 2.620205817845729825e+02
1.169667503144691878e+01 2.276336602490521166e+00 1.160098324568972927e+01 2.768499324432699495e+02
1.167571689296815940e+01 2.297073125100821400e+00 1.051855968602671432e+01 2.927190709092194538e+02
1.165128534227078028e+01 2.315953083639461063e+00 9.566808040044387340e+00 3.097911769690331312e+02
1.162326337063238668e+01 2.332980661240502851e+00 8.725564691030252007e+00 3.281580492439351247e+02
1.159148119483432282e+01 2.347990049344383490e+00 7.984074706206886418e+00 3.479881182659394767e+02
1.155555124227616304e+01 2.360902653949180863e+00 7.327426212187654109e+00 3.694457330660447951e+02
1.151564844804151733e+01 2.371596243391225212e+00 6.749317774537804127e+00 3.927394052369058386e+02
1.147125114575720417e+01 2.379814626339693540e+00 6.241162981788008324e+00 4.181174882330344644e+02
1.142294949949877747e+01 2.385665164684672934e+00 5.795351807281849510e+00 4.458242810504323757e+02
1.136975225684177637e+01 2.389027138480179335e+00 5.400476419188613875e+00 4.760366638199793670e+02
1.131212441199509300e+01 2.390247753516238305e+00 5.046416305645147204e+00 5.089605905633422935e+02
