1.877514138142417366e+01 1.751885317824412591e-01 1.240458544052916206e+07 2.088793086637890539e+00
1.792680217506137907e+01 1.851960404849236075e-01 9.469979340821694583e+06 2.268942830193511728e+00
1.721834751833712218e+01 1.956147881538909672e-01 7.288098086391148157e+06 2.460336490220965899e+00
1.662047979807109499e+01 2.064404791754174961e-01 5.649635717721656896e+06 2.663582459341051312e+00
1.611088157309144009e+01 2.176640624277578484e-01 4.407722596207231283e+06 2.879331843252081136e+00
1.567349007725004029e+01 2.292911830587761601e-01 3.458461593311421573e+06 3.108282333298480360e+00
1.529562971662442727e+01 2.413123004402560057e-01 2.730536982419523876e+06 3.351182363686652010e+00
1.496665543556251876e+01 2.537292518586139467e-01 2.165716586040539667e+06 3.608835584257335860e+00
1.467925991841375755e+01 2.665444472843124801e-01 1.724687756773422007e+06 3.882105682477574149e+00
1.442710003264378926e+01 2.797421170420300029e-01 1.380850315422173124e+06 4.171921591390251649e+00
1.420399217824825477e+01 2.933334168583403567e-01 1.109055698822490172e+06 4.479283123696301772e+00
1.400666930406466548e+01 3.073029083859289967e-01 8.947240659190373262e+05 4.805267075986836112e+00
1.383080590468091842e+01 3.216736492361685351e-01 7.245266062022523256e+05 5.151033851433696853e+00
1.367379038242571632e+01 3.364146954157717362e-01 5.886495371718469542e+05 5.517834654038165532e+00
1.353318214022000276e+01 3.515548812772341658e-01 4.797056471242646221e+05 5.907019312883088347e+00
1.340702790929881338e+01 3.670525046779733458e-01 3.922048810067827580e+05 6.318336475340298186e+00
1.329333094262212711e+01 3.829627765544439399e-01 3.215282493433111231e+05 6.754044426471624618e+00
1.319059941417074810e+01 3.992288517875890452e-01 2.643968636453054496e+05 7.216465913390537779e+00
1.309721253565924570e+01 4.158534313911055325e-01 2.179676817713427008e+05 7.707402601614653292e+00
1.301232512469694669e+01 4.328726548395362417e-01 1.801142250761443283e+05 8.226056564385261893e+00
1.293531627384188987e+01 4.502489877570273191e-01 1.492725830648474803e+05 8.775914497797538516e+00
1.286470756514557934e+01 4.679932060005714822e-01 1.239567032660463883e+05 9.360090118166084494e+00
1.279987962244613620e+01 4.861017354661868461e-01 1.031881606815319974e+05 9.976922883565206845e+00
1.274033624535780440e+01 5.045770043175475950e-01 8.604741469222007436e+04 1.063186519296442611e+01
1.268494284586064680e+01 5.233781798242760352e-01 7.191910143829003209e+04 1.132557155284171380e+01
1.263385064627950882e+01 5.425385059600272841e-01 6.022294059529120568e+04 1.206047393980646909e+01
1.258639211811065017e+01 5.620610186345456061e-01 5.052428804928117461e+04 1.283946803646283641e+01
1.254181431220025367e+01 5.819064820005398486e-01 4.245963535512090311e+04 1.366489133789652932e+01
1.250032242844071284e+01 6.020875252268658162e-01 3.575181075788783346e+04 1.453895697537100240e+01
1.246098928420297014e+01 6.226031359344207372e-01 3.015591333603940075e+04 1.546701742404729352e+01
1.242382088230045767e+01 6.434325044135432714e-01 2.547051223955141177e+04 1.644744130881634803e+01
1.238863832746724292e+01 6.646312324114225234e-01 2.154650601394113255e+04 1.748375726402227315e+01
1.235472620121342047e+01 6.861776643481202198e-01 1.824097377438991316e+04 1.857831860553784509e+01
1.232247482437678521e+01 7.082195205470401822e-01 1.544665119071121990e+04 1.973624014798146575e+01
1.229216648706904280e+01 7.308624676281088028e-01 1.308350434691173723e+04 2.096776947342712205e+01
1.226300742517910081e+01 7.540916058361034624e-01 1.107699223605080806e+04 2.224840808528359304e+01
1.223602624120251114e+01 7.780296581851744442e-01 9.379081575275338764e+03 2.361927138232724133e+01
1.221078491253350684e+01 8.026477681267830677e-01 7.942509247177570614e+03 2.503673619614608725e+01
1.218740587190376878e+01 8.279944720521306145e-01 6.719875099535587651e+03 2.655137544344737677e+01
1.216590429988452016e+01 8.540495129725411694e-01 5.686336928187544800e+03 2.812430108342135426e+01
1.214643492836357019e+01 8.808494347845579053e-01 4.812234626020716860e+03 2.979002589373560639e+01
1.212880646885162328e+01 9.083481898446158498e-01 4.073394648694358239e+03 3.153894010341609899e+01
1.211310515144402089e+01 9.365588539765470344e-01 3.449967276095285797e+03 3.336630130261962535e+01
1.209930010238580067e+01 9.654776373496232189e-01 2.923003422092307119e+03 3.531225406459129346e+01
1.208705235955795310e+01 9.950407152357139129e-01 2.478389443504473547e+03 3.731520614382097278e+01
1.207645903409320276e+01 1.025258715037351775e+00 2.102781986833861538e+03 3.947935791140022133e+01
1.206721508919372354e+01 1.056045010561446729e+00 1.785950530808070880e+03 4.167536766774519208e+01
1.205958691749561495e+01 1.087458396922417858e+00 1.518212484770019955e+03 4.406841012230492538e+01
1.205296479627574691e+01 1.119427649308146533e+00 1.291853793632874158e+03 4.648935869418635036e+01
1.204745084376952491e+01 1.151882235148004696e+00 1.100434455344460275e+03 4.911341580279395203e+01
1.204305411096105516e+01 1.184847439747676257e+00 9.382799063799893702e+02 5.180441714804392461e+01
1.203940000810401401e+01 1.218263268236843944e+00 8.012564716719841726e+02 5.468675597135747779e+01
1.203648475567693765e+01 1.252041063401704735e+00 6.851046084021535307e+02 5.767342476274401974e+01
1.203415076775570114e+01 1.286218462446945043e+00 5.864847101361883688e+02 6.084602858696617034e+01
1.203209742764727608e+01 1.320650995401615901e+00 5.028052641114129528e+02 6.415608412054790222e+01
1.203049968196176600e+01 1.355407949017993774e+00 4.316315221145331975e+02 6.765619555022739462e+01
1.202911814574724225e+01 1.390410219487780763e+00 3.710893927427626977e+02 7.132028513565187211e+01
1.202774491421838121e+01 1.425551097043638915e+00 3.194914611676159097e+02 7.519111908240900277e+01
1.202618922091412301e+01 1.460807166030164916e+00 2.754984194227756120e+02 7.924403054976299643e+01
1.202459858638122547e+01 1.496201333482490847e+00 2.378793684474125030e+02 8.353632435236224296e+01
1.202287530861310039e+01 1.531629212734882062e+00 2.057568881507378933e+02 8.801899763183963898e+01
1.202056032643982597e+01 1.567023602367852986e+00 1.781738987705248860e+02 9.279611639904950948e+01
1.201778064911735733e+01 1.602259784387459751e+00 1.546355504637262186e+02 9.775415454963250284e+01
1.201445315830984484e+01 1.637379159296795006e+00 1.343835386063704505e+02 1.030640879544147737e+02
1.201012636696559177e+01 1.672230374533278274e+00 1.169749884329754082e+02 1.085858200340892949e+02
1.200494978959263825e+01 1.706753316778216290e+00 1.020293835824252398e+02 1.144517172184430365e+02
1.199880695004130082e+01 1.740929988817347951e+00 8.917589041717802445e+01 1.206826033353003425e+02
1.199151386480177095e+01 1.774648887382773488e+00 7.803442837609779303e+01 1.271849932709329494e+02
1.198268017979818900e+01 1.807806801509758143e+00 6.842214333423966366e+01 1.341037287590744711e+02
1.197297871917293044e+01 1.840458006874923891e+00 6.013077618776070921e+01 1.414506694462158407e+02
1.196150900168271214e+01 1.872476221776962380e+00 5.291684524763032016e+01 1.491867560243740343e+02
1.194857198216528538e+01 1.903780352843439827e+00 4.667136044210335655e+01 1.573753694770798006e+02
1.193379612413924917e+01 1.934314883747141556e+00 4.122461480513000964e+01 1.660725132992821216e+02
1.191734653418059864e+01 1.964049649175154233e+00 3.648898264990591400e+01 1.753065549340824134e+02
1.189910002409721201e+01 1.992914041700132088e+00 3.236245878950044386e+01 1.851105688889025771e+02
1.187892797711662318e+01 2.020893529380777931e+00 2.875482178471362360e+01 1.955223158344152807e+02
1.185727828608503387e+01 2.047990707360725526e+00 2.559356550201965419e+01 2.065779929118374412e+02
1.183320009175132803e+01 2.074050116430318891e+00 2.282016401792889226e+01 2.183282502978173625e+02
1.180700461808876867e+01 2.099008098453697180e+00 2.038844628320615371e+01 2.308399644772086106e+02
1.177895274593164388e+01 2.122962322602889529e+00 1.824378846583964275e+01 2.441715020628839454e+02
1.174872785599160352e+01 2.145818181148072767e+00 1.635847564628008044e+01 2.583697936679046165e+02
1.171645986128072536e+01 2.167499235906167332e+00 1.469789939206880547e+01 2.735106175008790501e+02
1.168196259084699484e+01 2.188022190632528563e+00 1.322502133566160154e+01 2.896769834610571479e+02
1.164528328188377237e+01 2.207350512500187989e+00 1.192436545762198108e+01 3.069565650396767182e+02
1.160650663677001759e+01 2.225489115211195301e+00 1.077085051332451293e+01 3.254462907511067442e+02
1.156569923222038909e+01 2.242355950649212559e+00 9.748204984138615359e+00 3.452394284168310605e+02
1.152238310381484077e+01 2.257937644806990996e+00 8.836125641994456714e+00 3.663965613598529671e+02
1.147688157098033379e+01 2.272269224454790404e+00 8.024059498318859340e+00 3.891079145699240485e+02
1.142944165498947839e+01 2.285313526861192823e+00 7.301743245412256833e+00 4.134698688533067070e+02
1.137975623768577016e+01 2.297031035455949777e+00 6.657537958203311845e+00 4.396180481116788314e+02
1.132792213767724832e+01 2.307449998899055110e+00 6.080291114851831047e+00 4.677394191426045040e+02
1.127388057192355930e+01 2.316524953064872161e+00 5.563316773121550263e+00 4.980031191664287462e+02
1.121799105769724747e+01 2.324269851160454259e+00 5.102366634122391886e+00 5.305982608631729818e+02
1.115999118281825808e+01 2.330629336506900628e+00 4.688575309533153934e+00 5.657872984153973448e+02
1.110001693038003623e+01 2.335574431838070453e+00 4.318103060192042264e+00 6.038173709827271978e+02
1.103799666208208841e+01 2.339083975020335160e+00 3.986882051677165695e+00 6.449746950986547063e+02
1.097397921002011323e+01 2.341141451324747269e+00 3.690200423603364754e+00 6.895878799287557968e+02
1.090783203134884971e+01 2.341693784313333637e+00 3.424002135805448432e+00 7.380324622126748864e+02
