1.893413458610097777e+01 1.696218196985910531e-01 1.343323402307183854e+07 2.146780559167030589e+00
1.809430715262817913e+01 1.782879428884397432e-01 1.046325356258099526e+07 2.321820795959044226e+00
1.738209922310281996e+01 1.872892470896769523e-01 8.202837067244341597e+06 2.507363492574530284e+00
1.677319790347691963e+01 1.966184209164622831e-01 6.475098843604292721e+06 2.703958077298687535e+00
1.624767905471664875e+01 2.062865158231159401e-01 5.139754353887580335e+06 2.912189729988992948e+00
1.579134283201917910e+01 2.162722905990216715e-01 4.097801010675458238e+06 3.132682334625238596e+00
1.539281599167207837e+01 2.265809623135432160e-01 3.285739700824449770e+06 3.366101621527632037e+00
1.504222820037380615e+01 2.372077680833932223e-01 2.642561169108103961e+06 3.612524391407254232e+00
1.473332414758035647e+01 2.481546292230577266e-01 2.135886079803022556e+06 3.873155845339211201e+00
1.445867100217111023e+01 2.594217484477575053e-01 1.732431970497105503e+06 4.148807269158845124e+00
1.421427435067130141e+01 2.710068681766448218e-01 1.410591444687645882e+06 4.440332100126114234e+00
1.399527567726696020e+01 2.829269393305823832e-01 1.152284939055363182e+06 4.748643602845818990e+00
1.379900412830451195e+01 2.951256887342668667e-01 9.445670969529246213e+05 5.074719395415058010e+00
1.362210106277360921e+01 3.076629076889547676e-01 7.762877797377366805e+05 5.419606301673384863e+00
1.346211781471715163e+01 3.205185447140810329e-01 6.400082614243905991e+05 5.783876543165693107e+00
1.331723670661308745e+01 3.336699189892578521e-01 5.289905223795362981e+05 6.167605178445075609e+00
1.318548999867382321e+01 3.471668803493320188e-01 4.386403216363362735e+05 6.573448435222930541e+00
1.306563426396456684e+01 3.609596002096774892e-01 3.643058047698162263e+05 7.002759712462659714e+00
1.295574802494303412e+01 3.750443899052097740e-01 3.034220532488923054e+05 7.456263734014662248e+00
1.285540814549912980e+01 3.894589125656306439e-01 2.532954603139540995e+05 7.933734304474634236e+00
1.276329261295716577e+01 4.041827563696029912e-01 2.118539747343032213e+05 8.438944439567451994e+00
1.267825538179001121e+01 4.192311997460706485e-01 1.775369798715547076e+05 8.972899693447338620e+00
1.260013275973162017e+01 4.345790705736116144e-01 1.491210242170628044e+05 9.534877882918660674e+00
1.252752090234288396e+01 4.502192807167268995e-01 1.254718629699725716e+05 1.012974487947641933e+01
1.246030082142869411e+01 4.661901630953003139e-01 1.057653596246988309e+05 1.075654149255339043e+01
1.239790224576995037e+01 4.824689542364728467e-01 8.929822873085373431e+04 1.141851224830314315e+01
1.233961405211318585e+01 4.990500603740775643e-01 7.552637609894204070e+04 1.211727018379083454e+01
1.228535797161802279e+01 5.159538382344578400e-01 6.397302475847658206e+04 1.285411472556078394e+01
1.223452452088213782e+01 5.331584331079134431e-01 5.426948785415057500e+04 1.363208173747263530e+01
1.218659270056094535e+01 5.506670954794464778e-01 4.609310099344875198e+04 1.445247194128822521e+01
1.214187194393366731e+01 5.684969191127311472e-01 3.922232128772922442e+04 1.531428177909856991e+01
1.209950544461847599e+01 5.866964477142210255e-01 3.339845606346664863e+04 1.622020749480250856e+01
1.205936575242731301e+01 6.052779540713890682e-01 2.844707682369265967e+04 1.717896598342365166e+01
1.202157576964052232e+01 6.243486871157004625e-01 2.424465977392471905e+04 1.818833276160465928e+01
1.198597111945687743e+01 6.438752639203970674e-01 2.066541697503285832e+04 1.924409067798618267e+01
1.195252146925576575e+01 6.639613751380207818e-01 1.761654564229436073e+04 2.035994950946848192e+01
1.192156222990740133e+01 6.845846299035116544e-01 1.502022582187105581e+04 2.152267395076436429e+01
1.189245913434408308e+01 7.057606066694317448e-01 1.280753977878472142e+04 2.274956871588840457e+01
1.186568238267181030e+01 7.275130481285029260e-01 1.092146552883745062e+04 2.403136154933840984e+01
1.184095965164125808e+01 7.498242913547248367e-01 9.318592226717293670e+03 2.537568799994986790e+01
1.181841161000894935e+01 7.727454696246909283e-01 7.954203658987652489e+03 2.678966049582811948e+01
1.179791582202119571e+01 7.962200652394721967e-01 6.789369221127882156e+03 2.825985682665995924e+01
1.177907015184068840e+01 8.202191733858974487e-01 5.799483447197617352e+03 2.981956833807187479e+01
1.176229288398993944e+01 8.447996273269786638e-01 4.957332624168941038e+03 3.142622652111515080e+01
1.174717614279607680e+01 8.698936773654981636e-01 4.240786056530079804e+03 3.314553613373702490e+01
1.173368715605723622e+01 8.955300113420668895e-01 3.630324723037535932e+03 3.490149903910764806e+01
1.172165777113859164e+01 9.216474098094261658e-01 3.110374411417380543e+03 3.679467469445280159e+01
1.171101378576830676e+01 9.482642054712040469e-01 2.667023986588341359e+03 3.871515948526649709e+01
1.170163913785355980e+01 9.753317223645326939e-01 2.289388627320256546e+03 4.079616214551360542e+01
1.169354371492408085e+01 1.002877974961292162e+00 1.967379768250726556e+03 4.289990189213999372e+01
1.168635718835681381e+01 1.030824643450484857e+00 1.692002933856520258e+03 4.517699272480729178e+01
1.168015332920714755e+01 1.059167892012876200e+00 1.456753847557612517e+03 4.749219334477734122e+01
1.167492821540331072e+01 1.087933565154988180e+00 1.255894751519771717e+03 4.998768447139340765e+01
1.166992306766850263e+01 1.116933426681189001e+00 1.083754406134274404e+03 5.253295159161640271e+01
1.166577205316594501e+01 1.146283927513359835e+00 9.366884057877095984e+02 5.527255201858270794e+01
1.166202148135916872e+01 1.175957136740043651e+00 8.101046822721920080e+02 5.806833271436022414e+01
1.165865542935355847e+01 1.205861836073586213e+00 7.018128010407125430e+02 6.108030731778429612e+01
1.165550264011267245e+01 1.235984152606711017e+00 6.084288549722944026e+02 6.415108105837039432e+01
1.165257652467117566e+01 1.266320747479523501e+00 5.283871803242661827e+02 6.744893163737454245e+01
1.164951792667670460e+01 1.296747547942360468e+00 4.593820468625946205e+02 7.084401736594587362e+01
1.164646621996087283e+01 1.327312560699536848e+00 4.000529070776010485e+02 7.445338199331649776e+01
1.164326249101700306e+01 1.357885381194669838e+00 3.487829464706096587e+02 7.822261565377873183e+01
1.163972745537131459e+01 1.388471255611954502e+00 3.045430554323833121e+02 8.217676262969126810e+01
1.163590811666492186e+01 1.419010581241423985e+00 2.664105245262300059e+02 8.637178416056757158e+01
1.163124284457745361e+01 1.449387533818322193e+00 2.333369044644209112e+02 9.072247840028241228e+01
1.162580376244754454e+01 1.479611698217029092e+00 2.046705205621449579e+02 9.532651515558774236e+01
1.161987132766581432e+01 1.509600241405093746e+00 1.799201897346379724e+02 1.001945689502800008e+02
1.161288837293001919e+01 1.539318345928522014e+00 1.583439375723123419e+02 1.052847404668384996e+02
1.160468977172750193e+01 1.568650199555555291e+00 1.396268867441024213e+02 1.106505400033112068e+02
1.159576713510372947e+01 1.597664069699716416e+00 1.232954834211777069e+02 1.163204056899518548e+02
1.158528042946419490e+01 1.626204141275951809e+00 1.090821724460857780e+02 1.223075661456076375e+02
1.157345772687069996e+01 1.654263097130753257e+00 9.663012221315557326e+01 1.286276723564323845e+02
1.156036029094334339e+01 1.681818943161959234e+00 8.576017006176377322e+01 1.352738872884665966e+02
1.154606752598307473e+01 1.708833934980009683e+00 7.625497925892200612e+01 1.423019157698202832e+02
1.152997428859034379e+01 1.735184905229778751e+00 6.790383508041033167e+01 1.497348925652197806e+02
1.151212436209094037e+01 1.760869468175782382e+00 6.056657334448757979e+01 1.575988904768001362e+02
1.149280222981918875e+01 1.785904334873854582e+00 5.411381817063894317e+01 1.659230054717519920e+02
1.147176173026105062e+01 1.810174438216617387e+00 4.843637092984771186e+01 1.747395013070701566e+02
1.144873994462649414e+01 1.833647466227711353e+00 4.340826840686903410e+01 1.840840075339136774e+02
1.142408870067237281e+01 1.856344479703952999e+00 3.897816686799364305e+01 1.939957679392527439e+02
1.139750456712623006e+01 1.878215470666888098e+00 3.504841022097591718e+01 2.044986111790079235e+02
1.136896058249096697e+01 1.899166404175365530e+00 3.156370112207533651e+01 2.156442196164544782e+02
1.133857018233681835e+01 1.919233284960337071e+00 2.848312831800020462e+01 2.274930607112347900e+02
1.130610541576068862e+01 1.938391143639827785e+00 2.573252682548474723e+01 2.401019860279790805e+02
1.127196053940644660e+01 1.956560906989637250e+00 2.329626804288551156e+01 2.534991131015577253e+02
1.123535243899306124e+01 1.973706630782414484e+00 2.112088745998363493e+01 2.677607255790790646e+02
1.119713119455864714e+01 1.989978403652541195e+00 1.917457828900430528e+01 2.829705389591132416e+02
1.115677913997801873e+01 2.005141554652990710e+00 1.743572129008479976e+01 2.991576528749894237e+02
1.111446894240694760e+01 2.019308894561885115e+00 1.588556812312547528e+01 3.164491587477338044e+02
1.107014678399765906e+01 2.032385736067341853e+00 1.448951895006980628e+01 3.349003593621363279e+02
1.102378282776646401e+01 2.044381081322050431e+00 1.324120830323157705e+01 3.546206741024440134e+02
1.097539497722438107e+01 2.055219709285156071e+00 1.212486728905845723e+01 3.757274700626568915e+02
1.092506880077465148e+01 2.064930113927059718e+00 1.111925660392170023e+01 3.983342018829132485e+02
1.087283826199984027e+01 2.073461469506399535e+00 1.021758278549757293e+01 4.225702706394027359e+02
1.081849358588738141e+01 2.080831601772720862e+00 9.404842683917420842e+00 4.485820295132958790e+02
1.076226961420041661e+01 2.086974621915722139e+00 8.678326338209474855e+00 4.765341961664668702e+02
1.070402038491030261e+01 2.091878377155362401e+00 8.018901758275415403e+00 5.066116542488383061e+02
1.064381575269184843e+01 2.095557906439836859e+00 7.427234042838423811e+00 5.389937707758075476e+02
1.058174128960762062e+01 2.097949952638732185e+00 6.894091537454293039e+00 5.739217518526219237e+02
1.051776725815170543e+01 2.099143363833471998e+00 6.410991792464103334e+00 6.116175588977683901e+02
