1.853407904443846022e+01 1.857794609467776914e-01 1.076871034671603516e+07 1.989658394337451286e+00
1.779413574287904254e+01 1.967175506943971974e-01 8.257724999303183518e+06 2.150063851766893297e+00
1.717613854505763626e+01 2.081044846524078562e-01 6.390811296696768142e+06 2.317616215956954662e+00
1.665447991532096239e+01 2.199217342725725555e-01 4.978858158899965696e+06 2.494708027279748830e+00
1.621185968831269975e+01 2.321664477054962983e-01 3.905467580146713648e+06 2.682841325205117311e+00
1.583241711442344446e+01 2.448430191980980053e-01 3.082335314454134088e+06 2.882382723491133003e+00
1.550588979859463556e+01 2.579438189293478678e-01 2.444012191673958674e+06 3.091628814482847432e+00
1.522329333909166138e+01 2.714659283860429428e-01 1.948267856483468553e+06 3.312177985297183547e+00
1.497741687852631642e+01 2.854097787430373012e-01 1.560526291821790393e+06 3.545802646505790801e+00
1.476264736406310618e+01 2.997667073859369147e-01 1.255647823518262943e+06 3.793029256762178392e+00
1.457437245751099297e+01 3.145399329639506636e-01 1.013910504898689571e+06 4.054436604513218967e+00
1.440931059469075315e+01 3.297295044866754288e-01 8.222328073180180509e+05 4.330334548302841036e+00
1.426366684757810432e+01 3.453396291024744547e-01 6.691367112008519471e+05 4.620050253336027701e+00
1.413435520669155387e+01 3.613410216018944077e-01 5.464039173105884111e+05 4.926315305649211496e+00
1.402037966952551962e+01 3.777667749414101439e-01 4.475493607078482746e+05 5.249932168317714698e+00
1.391899236533563844e+01 3.945979596770773923e-01 3.677963299569487572e+05 5.591772380206551318e+00
1.382882174574089973e+01 4.118152827157960383e-01 3.030977969809385249e+05 5.952780555983253841e+00
1.374837702819134932e+01 4.294738550366243302e-01 2.504455596069839376e+05 6.333979028723721427e+00
1.367660651973884001e+01 4.475070998954331358e-01 2.075044691398620780e+05 6.736473118108980529e+00
1.361245374880101089e+01 4.659151092341863865e-01 1.724229896862214373e+05 7.161457026427632044e+00
1.355483926066669476e+01 4.847197517967473113e-01 1.435999125938984798e+05 7.610220379995107365e+00
1.350317893792593260e+01 5.039174978147094031e-01 1.198768439171346108e+05 8.084155446543862311e+00
1.345660010179022592e+01 5.234929526189454618e-01 1.003001366986229259e+05 8.584765070569288170e+00
1.341436349771653092e+01 5.434406074078921289e-01 8.408587254251979175e+04 9.113671379216727431e+00
1.337627874372708803e+01 5.637468517643848820e-01 7.065333238194546720e+04 9.672625321566512113e+00
1.334153749321540872e+01 5.844197036676065382e-01 5.948220183659838949e+04 1.026351711450442572e+01
1.330986660321937798e+01 6.054354016274757777e-01 5.020688492619954923e+04 1.088564645016296595e+01
1.328087349974149767e+01 6.267904197239965169e-01 4.240427291988141951e+04 1.154344781597880853e+01
1.325393128932200959e+01 6.485010997801093913e-01 3.589677772076929978e+04 1.223929054765760327e+01
1.322882983710945837e+01 6.705196135934902157e-01 3.043404398120956830e+04 1.297570636007581335e+01
1.320527048716530238e+01 6.928482549014809422e-01 2.585785151073109228e+04 1.375258178935725795e+01
1.318322064281512596e+01 7.154947235945544604e-01 2.199745755813438154e+04 1.457343682751715619e+01
1.316238236114408977e+01 7.384574393410496818e-01 1.874693375761255447e+04 1.544308160952774145e+01
1.314223393561958986e+01 7.616620804100410203e-01 1.600023480058168570e+04 1.636084662226407360e+01
1.312285236762875407e+01 7.851572776509614382e-01 1.367840316778053784e+04 1.733180002622140137e+01
1.310387637014923001e+01 8.089207201800382441e-01 1.170416740767669762e+04 1.835952273631004772e+01
1.308537949222713159e+01 8.329038509353849928e-01 1.003083617253825651e+04 1.944494605186421410e+01
1.306699452047734233e+01 8.571969940788097819e-01 8.606091372778206278e+03 2.059472345034214769e+01
1.304838478701108784e+01 8.816237964058717402e-01 7.395643454587423548e+03 2.180979737614607217e+01
1.302995823532212327e+01 9.063110156162887954e-01 6.362975312810151081e+03 2.309107824806498144e+01
1.301124415006112400e+01 9.312561764228393102e-01 5.479418315425096807e+03 2.444294843410729356e+01
1.299261251204987566e+01 9.565600393261955992e-01 4.720939903118945040e+03 2.587494578532234613e+01
1.297383841248376335e+01 9.822810852033276863e-01 4.068067090479978106e+03 2.739259407079931563e+01
1.295483562798243860e+01 1.008390370936420588e+00 3.507227697078373239e+03 2.897723704155142954e+01
1.293632828619387354e+01 1.035074427229709881e+00 3.019603963188983926e+03 3.066882301335616390e+01
1.291793578514624663e+01 1.062262699261595778e+00 2.600649039819162226e+03 3.242138860601426131e+01
1.289981862159300086e+01 1.089972822082328818e+00 2.240118518470136223e+03 3.429742404448718673e+01
1.288232016926517431e+01 1.118264753056508409e+00 1.929562844330625239e+03 3.623700359303563090e+01
1.286507639222755905e+01 1.147059035685746853e+00 1.662126070096870762e+03 3.831102370418549441e+01
1.284847340872109811e+01 1.176409577453607636e+00 1.431411513380357519e+03 4.045906233684688402e+01
1.283232423552538393e+01 1.206264449010229889e+00 1.233428270769692972e+03 4.274809259403003381e+01
1.281669276282848280e+01 1.236600243778454677e+00 1.063289288972207714e+03 4.512764042535035003e+01
1.280150538374907754e+01 1.267433192289171506e+00 9.168243884489370430e+02 4.765256747923578473e+01
1.278680262977808368e+01 1.298701908360893276e+00 7.908715025534161214e+02 5.028809953588468318e+01
1.277251056295503773e+01 1.330408073670205971e+00 6.825311836075514975e+02 5.307403593572426104e+01
1.275854464103269237e+01 1.362474987174417729e+00 5.896284913938301315e+02 5.599166343865175577e+01
1.274480486727842887e+01 1.394852129885966852e+00 5.096225131781382061e+02 5.906837049539594631e+01
1.273132016193765281e+01 1.427566983287535063e+00 4.408923267882401547e+02 6.229630318479687645e+01
1.271802375961370579e+01 1.460545226575058253e+00 3.817377098402957358e+02 6.569871660439855532e+01
1.270472338542170654e+01 1.493687686624803002e+00 3.309057770303181201e+02 6.926788833425653991e+01
1.269148629644579884e+01 1.527080507542798449e+00 2.870312918920108700e+02 7.303678002207824704e+01
1.267804441207133515e+01 1.560579941724515862e+00 2.492564076848198908e+02 7.698159466347388502e+01
1.266464017619763816e+01 1.594180744871150024e+00 2.166803157003049023e+02 8.116440022229333806e+01
1.265085079223756104e+01 1.627786578231716463e+00 1.886294367990870455e+02 8.552358709189125818e+01
1.263680954522420841e+01 1.661441895679214076e+00 1.643369048621547961e+02 9.017543013355165726e+01
1.262237696304660695e+01 1.694994368631749904e+00 1.433942980784290171e+02 9.499385106891973862e+01
1.260761615483451514e+01 1.728479897086071748e+00 1.252604369280518881e+02 1.001714357652373479e+02
1.259180919135167542e+01 1.761758493044329077e+00 1.095282356172374421e+02 1.055141277920696581e+02
1.257594064285499691e+01 1.794806023079349444e+00 9.597289584874036450e+01 1.112275487274625903e+02
1.255952262929098140e+01 1.827586052820109108e+00 8.421157098321560852e+01 1.172372538349785600e+02
1.254153684465980945e+01 1.859807587146712127e+00 7.401713061737304145e+01 1.235613905592134927e+02
1.252275969628487573e+01 1.891591556536038388e+00 6.514536883412738177e+01 1.302851617294582809e+02
1.250278128145773060e+01 1.922724631378237570e+00 5.745471926562348841e+01 1.373981753334018094e+02
1.248185675302427811e+01 1.953218013153742438e+00 5.077943036410471223e+01 1.448870468292618909e+02
1.245918516692161404e+01 1.982917012274452162e+00 4.496269570836114582e+01 1.528440236264727048e+02
1.243475929338088548e+01 2.011708183146313722e+00 3.989021260117498713e+01 1.612938939891016048e+02
1.240902925982028115e+01 2.039646575512784388e+00 3.546675981814384215e+01 1.702689645056628649e+02
1.238125913105089104e+01 2.066488037176311021e+00 3.161165206871568500e+01 1.798085525456105529e+02
1.235132042323110113e+01 2.092246797049530205e+00 2.822305358900324279e+01 1.899588620298934813e+02
1.231949118024636824e+01 2.116782887931570212e+00 2.526387852160269532e+01 2.007731438298943658e+02
1.228551132328569473e+01 2.140129910460959017e+00 2.266627695520194052e+01 2.123120853887162411e+02
1.224926315630438367e+01 2.162122000980076564e+00 2.038246632331779651e+01 2.246444009977255689e+02
1.221054639715902645e+01 2.182742405304854305e+00 1.837492869113772187e+01 2.378273616086787285e+02
1.216889231279327355e+01 2.201745531003878487e+00 1.660721422173180883e+01 2.519365598172297211e+02
1.212481895850335789e+01 2.219307510070324785e+00 1.504298652002109904e+01 2.670908705509734773e+02
1.207820128496999779e+01 2.235249571334483321e+00 1.366662070307953947e+01 2.833480336521880076e+02
1.202865057258863501e+01 2.249552507920820954e+00 1.244659192368027156e+01 3.008513933124983168e+02
1.197647478299794166e+01 2.262083387012037594e+00 1.137042599010742805e+01 3.197203470652983128e+02
1.192111527976104668e+01 2.272793826473796575e+00 1.041721858943139978e+01 3.400939246133813185e+02
1.186264928429152476e+01 2.281621702922390860e+00 9.572220771137962103e+00 3.621371130760099390e+02
1.180099753727276735e+01 2.288492510930054458e+00 8.823614627685158140e+00 3.860389895613244562e+02
1.173647900430327695e+01 2.293472825147881533e+00 8.157798259512258454e+00 4.119769376062026254e+02
1.166881070121866770e+01 2.296582159704705806e+00 7.563682824339121424e+00 4.401251949167410089e+02
1.159780865747801748e+01 2.297928214558373927e+00 7.031008490376146725e+00 4.706863592668294700e+02
