1.868304703442247927e+01 1.789736106391772996e-01 1.178083512486327253e+07 2.052005659665705029e+00
1.794042155287144524e+01 1.883871505574072347e-01 9.221781762915102765e+06 2.209217229398548810e+00
1.731100370506828412e+01 1.981439655186192916e-01 7.267824611428176984e+06 2.373884291848689987e+00
1.677206158635158317e+01 2.082591177158093498e-01 5.763113915859221481e+06 2.548157827387679486e+00
1.630804987916762272e+01 2.187068739094301661e-01 4.597705473527722992e+06 2.732411359985448929e+00
1.590509463853059202e+01 2.294922217803781195e-01 3.684644351836006623e+06 2.927047009737116845e+00
1.555385922790223319e+01 2.406206750142430295e-01 2.967271580759464763e+06 3.132496540387291528e+00
1.524548947563288870e+01 2.520862765763773328e-01 2.400122500930116046e+06 3.348030586923468999e+00
1.497373315807352157e+01 2.638794573754338901e-01 1.948601174809188349e+06 3.574958161974135518e+00
1.473365817459800198e+01 2.760242217536977849e-01 1.588408277810764965e+06 3.814370006726235385e+00
1.451988862138499847e+01 2.884756001640363943e-01 1.299416563190230634e+06 4.066832061888339567e+00
1.433008527045033986e+01 3.012724349394200751e-01 1.066363146360702580e+06 4.332951015935077699e+00
1.415974178620699497e+01 3.143991966864987386e-01 8.783772493214377901e+05 4.613376736912275788e+00
1.400684432879024577e+01 3.278529699785988072e-01 7.249709909599401290e+05 4.908804975495688616e+00
1.386999906394485294e+01 3.416252796080020970e-01 6.007561089347230736e+05 5.219980335828835472e+00
1.374627990078147377e+01 3.557253094174325780e-01 4.988337659085033229e+05 5.547699516939673003e+00
1.363469482085407414e+01 3.701520460286586989e-01 4.153724042444226216e+05 5.892814832595474783e+00
1.353354207101624596e+01 3.848999647346527664e-01 3.467027070932415663e+05 6.256238021703228291e+00
1.344161487176062231e+01 3.999853549996252866e-01 2.901642475671150023e+05 6.638944365082380727e+00
1.335805763257656054e+01 4.153807201947604111e-01 2.433051471975588065e+05 7.041977127829774474e+00
1.328197765991471080e+01 4.310944450779216619e-01 2.045713406147804926e+05 7.466452349714216119e+00
1.321230928467490884e+01 4.471313273610033057e-01 1.722158219139813154e+05 7.913564009190737103e+00
1.314868140466667334e+01 4.634732790226703258e-01 1.453414396171531989e+05 8.384589589803127296e+00
1.309006110321818284e+01 4.801335737937225678e-01 1.228803512093094469e+05 8.880896081018049060e+00
1.303610829228745871e+01 4.970917127889619147e-01 1.040910062014935684e+05 9.403946448967330340e+00
1.298639716278079703e+01 5.143486815985824911e-01 8.831498259828922164e+04 9.953107655371892903e+00
1.294015006779115318e+01 5.319389521954902555e-01 7.504967202841232938e+04 1.053167035729621404e+01
1.289780201624189360e+01 5.497967498163596201e-01 6.392002138764895790e+04 1.114161160157280506e+01
1.285802319245050107e+01 5.679525538092863313e-01 5.450525850636667019e+04 1.178482220394577418e+01
1.282080530757482784e+01 5.864172084713644706e-01 4.653447224311436003e+04 1.246142754643860506e+01
1.278595396926239758e+01 6.051311230793879892e-01 3.981004301056049735e+04 1.317322761562551037e+01
1.275335850499913448e+01 6.241777723031733949e-01 3.409652845977269317e+04 1.392429764721048713e+01
1.272240599618524826e+01 6.434762417896315867e-01 2.924551278234747952e+04 1.471529799454071963e+01
1.269293884383838211e+01 6.630372135166396896e-01 2.511767773134623349e+04 1.554708920086122959e+01
1.266481239935244218e+01 6.828562128762688532e-01 2.159351756507681785e+04 1.642539692383952499e+01
1.263809768565487168e+01 7.029742397373394125e-01 1.858949350373738343e+04 1.734827593966103976e+01
1.261239869530376190e+01 7.233245023648410266e-01 1.602972884007119319e+04 1.832193888026420936e+01
1.258737088556903672e+01 7.439265941430230900e-01 1.383037271628523740e+04 1.934323956402369049e+01
1.256354581812741777e+01 7.648529943910068463e-01 1.194412154728644055e+04 2.041511928263222941e+01
1.253992546103088301e+01 7.860357879093615718e-01 1.032326149734585124e+04 2.155149879132661539e+01
1.251721512908303957e+01 8.075572034903669705e-01 8.928289352677838906e+03 2.274498163187438848e+01
1.249531948508224488e+01 8.294867848859639459e-01 7.723864475021485305e+03 2.399590643374235910e+01
1.247368993914506419e+01 8.517450384256273210e-01 6.684888938293749561e+03 2.532020676139226723e+01
1.245296706354937122e+01 8.744075990406660059e-01 5.787649220687876550e+03 2.669560087539093374e+01
1.243266820470132572e+01 8.974580356189770791e-01 5.012928779239738105e+03 2.816164449330153730e+01
1.241309986810237653e+01 9.209351045277636150e-01 4.343022625921323197e+03 2.967287617650876541e+01
1.239422302770498518e+01 9.448321171174305366e-01 3.762998403711545961e+03 3.129357375268519803e+01
1.237588039544730556e+01 9.690888977558977935e-01 3.262452843419986493e+03 3.295327893931300878e+01
1.235814638630907325e+01 9.937730266871694917e-01 2.829178502389200276e+03 3.473979422466697287e+01
1.234094045711599819e+01 1.018813794919648519e+00 2.455287010016276781e+03 3.656585431030973155e+01
1.232419691544042806e+01 1.044210361750761651e+00 2.131587105504658666e+03 3.852511521766978575e+01
1.230816368471233702e+01 1.070047029102589864e+00 1.851261470690625856e+03 4.054353218874769027e+01
1.229224232414059870e+01 1.096133095265444224e+00 1.609389387461730394e+03 4.269107652536039410e+01
1.227696232178430868e+01 1.122600689344171343e+00 1.399509734050581073e+03 4.492364581036266458e+01
1.226189322533053172e+01 1.149323048820428239e+00 1.217934649721330288e+03 4.727677219015858157e+01
1.224715999109596076e+01 1.176407399233279527e+00 1.060851823872106479e+03 4.974858133062748777e+01
1.223246227147961918e+01 1.203665755284912153e+00 9.246901684847587148e+02 5.232666595258324804e+01
1.221788274414076270e+01 1.231163777725087005e+00 8.065523738398740079e+02 5.506656514822218185e+01
1.220357204396301931e+01 1.258921462322655671e+00 7.040729443745273102e+02 5.789143892950205128e+01
1.218917910616012179e+01 1.286840036670506393e+00 6.151190695582665739e+02 6.090427660817926636e+01
1.217474317062868394e+01 1.314881648995589458e+00 5.381616340857493697e+02 6.402899513887471983e+01
1.216006133088948005e+01 1.343027984315325440e+00 4.712088512636235578e+02 6.732789147487085302e+01
1.214534362317108673e+01 1.371337264817080293e+00 4.127462201510870727e+02 7.080622788202335016e+01
1.213040592831482911e+01 1.399652587680100257e+00 3.620450411413760321e+02 7.442303155050953478e+01
1.211521393162644777e+01 1.428004781740301654e+00 3.178979998919242576e+02 7.826087070748536689e+01
1.209925805803888643e+01 1.456225382654290579e+00 2.795133797592537803e+02 8.227891502390477285e+01
1.208294481370262474e+01 1.484392895741210472e+00 2.460733796519686223e+02 8.649286492840413132e+01
1.206620582081280268e+01 1.512430664125054003e+00 2.168881999733160910e+02 9.094880476743483655e+01
1.204851917619196477e+01 1.540216962469219242e+00 1.913876163242858581e+02 9.565176110261793951e+01
1.203024967151360869e+01 1.567751478029915546e+00 1.691778677018145629e+02 1.005664162026336328e+02
1.201097809011530870e+01 1.594944775008033000e+00 1.497507102372251211e+02 1.057602788713013098e+02
1.199057089093295048e+01 1.621718876858938563e+00 1.327719433103306415e+02 1.112456371776016937e+02
1.196903417590401553e+01 1.648093287163147513e+00 1.178723039778888193e+02 1.170374380709603201e+02
1.194653667706357147e+01 1.674010827435100879e+00 1.048254305401752617e+02 1.231531303748911768e+02
1.192269421660432194e+01 1.699386059739084853e+00 9.335769604456648096e+01 1.296126044669283317e+02
1.189751101459344973e+01 1.724215223024308186e+00 8.327737603599973681e+01 1.364382052234986418e+02
1.187091148103352722e+01 1.748401441304065607e+00 7.440403242204804712e+01 1.436548034961043641e+02
1.184270345670218916e+01 1.771956662666508642e+00 6.656005615534949982e+01 1.512899170431713856e+02
1.181305106791423221e+01 1.794819151790190359e+00 5.965873026274639557e+01 1.593738756583177008e+02
1.178190831002715555e+01 1.816901885684756524e+00 5.356482348912614810e+01 1.679400279160003606e+02
1.174888900001820247e+01 1.838213485390875368e+00 4.815836751521808168e+01 1.770249889299700214e+02
1.171428190095526745e+01 1.858751827954544744e+00 4.337088061902785086e+01 1.866689300589752634e+02
1.167788901387564238e+01 1.878435460616712627e+00 3.912202949036342403e+01 1.969159127726948668e+02
1.163964130878787095e+01 1.897229397729299105e+00 3.533888165095938660e+01 2.077831481014657982e+02
1.159972163624211028e+01 1.915148913363031280e+00 3.197900843868637111e+01 2.193393177752215308e+02
1.155798023408123676e+01 1.932140340696403724e+00 2.898458829038055384e+01 2.316517069778739426e+02
1.151415490851581858e+01 1.948159218292913719e+00 2.630949867183780455e+01 2.447278043219468202e+02
1.146879667528648028e+01 1.963253063964965017e+00 2.391662544053787798e+01 2.586849635616211458e+02
1.142123703703142290e+01 1.977310505883300928e+00 2.177807926331676214e+01 2.735366402328934896e+02
1.137191363035778657e+01 1.990339655609926872e+00 1.986321940534493180e+01 2.893989244903974623e+02
1.132078011315846489e+01 2.002405333031851864e+00 1.814615816671717496e+01 3.063288247944498721e+02
1.126771624526654492e+01 2.013366799671250540e+00 1.660279549825785850e+01 3.244130212091489511e+02
1.121294744373232000e+01 2.023269534762400124e+00 1.521909457624724560e+01 3.437635325164982874e+02
1.115611248752453477e+01 2.032042665364599099e+00 1.397325222516420240e+01 3.644867444303381490e+02
1.109756551950805736e+01 2.039662347014193688e+00 1.285729450337341184e+01 3.867034719643598919e+02
1.103709702528546721e+01 2.046138820383545998e+00 1.184793557298505462e+01 4.105499867606217208e+02
1.097481850842158835e+01 2.051451971240370931e+00 1.094105174719067008e+01 4.361623533406499860e+02
1.091072338743269476e+01 2.055528144612021713e+00 1.012540723059774805e+01 4.637140376143861431e+02
1.084474197249948801e+01 2.058419968791169286e+00 9.386777481923834543e+00 4.933865784329648818e+02
1.077704083108698718e+01 2.060087477845795156e+00 8.722046698630812500e+00 5.253844687932243005e+02
1.070758558264225258e+01 2.060490487325617348e+00 8.124592969926265340e+00 5.599195368736671981e+02
