1.848025613071706275e+01 1.890205483150433907e-01 1.033098633599926904e+07 1.961297816921528714e+00
1.786262879127556147e+01 1.986118815566110252e-01 8.239237508771476336e+06 2.093773916429596316e+00
1.733375319267634396e+01 2.085328037224906395e-01 6.612233279866575263e+06 2.230888226592137258e+00
1.687834639288076488e+01 2.187827618172959732e-01 5.337441495612124912e+06 2.374928807097860251e+00
1.648281754840317603e+01 2.293550487696774942e-01 4.326793667466457002e+06 2.527343717598566908e+00
1.613859519158895139e+01 2.402365241826592557e-01 3.524834072284337599e+06 2.683960244302834308e+00
1.583706260016877820e+01 2.514465539828610319e-01 2.882734498624541797e+06 2.850627471271410585e+00
1.557172040915418698e+01 2.629716203477481251e-01 2.366708626056967769e+06 3.023776539506668026e+00
1.533784984440465315e+01 2.748040552895458788e-01 1.951253700065216515e+06 3.204784910218732019e+00
1.513046619143056581e+01 2.869494054514317716e-01 1.613512521962105297e+06 3.396483832559611837e+00
1.494655470979680167e+01 2.994106570628143338e-01 1.338680405452283332e+06 3.594373224970452085e+00
1.478274114118537064e+01 3.121775117775313357e-01 1.114043346153929364e+06 3.802506303438454971e+00
1.463652552641784688e+01 3.252557668298483029e-01 9.300165495427533751e+05 4.022192852084016224e+00
1.450583961463030747e+01 3.386577134667437816e-01 7.784550665054976707e+05 4.249495512797235364e+00
1.438872361160129643e+01 3.523436803354066393e-01 6.531536030829254305e+05 4.488109314585716270e+00
1.428374058434599725e+01 3.663480711099527110e-01 5.498530186429708265e+05 4.739379450699202856e+00
1.418944310249603902e+01 3.806569231267337705e-01 4.635715176398946205e+05 5.001619408726408977e+00
1.410420392252455279e+01 3.952527339596839662e-01 3.918243015450129751e+05 5.274800905694408293e+00
1.402792503406260316e+01 4.101786618741247170e-01 3.319910098415701650e+05 5.562014474083381899e+00
1.395927416574994240e+01 4.254068983338681331e-01 2.818908459687178256e+05 5.863654176503148463e+00
1.389693713764758698e+01 4.409215757290749771e-01 2.397317961875852197e+05 6.178495787818713225e+00
1.384069543233542632e+01 4.567167058290872994e-01 2.043229872977575287e+05 6.506936819578372777e+00
1.378945377003594253e+01 4.728283086416113501e-01 1.744317056659392256e+05 6.851623858822905255e+00
1.374358824913648291e+01 4.892312937108599935e-01 1.492412279107643990e+05 7.213130137431940980e+00
1.370169707200751041e+01 5.059060483172911349e-01 1.279018919292513019e+05 7.592083804289773141e+00
1.366365946481157145e+01 5.228916367973611701e-01 1.097616985230640275e+05 7.989055183511692526e+00
1.362909561345513332e+01 5.401440897692796339e-01 9.436578813197721320e+04 8.402795371955656734e+00
1.359757577705023301e+01 5.576784977761483075e-01 8.122907480247993954e+04 8.836511954073284159e+00
1.356913912482697349e+01 5.755067864047080928e-01 7.006495608101418475e+04 9.291052754373854583e+00
1.354264153025535578e+01 5.935824835332477178e-01 6.051369263762435003e+04 9.767330640608944847e+00
1.351842860739150431e+01 6.119275699582329420e-01 5.231061894794525142e+04 1.026632589595449829e+01
1.349643859545867386e+01 6.305677991451994480e-01 4.529584173511900008e+04 1.078908901845821333e+01
1.347570410494692794e+01 6.494196243272154501e-01 3.926966567513361224e+04 1.133674392366202177e+01
1.345667227064038052e+01 6.685292081043707757e-01 3.410187200046809448e+04 1.191049153706808994e+01
1.343903511541004114e+01 6.878981423402501516e-01 2.964729927512521317e+04 1.251161377173421307e+01
1.342226262153743832e+01 7.075206866391569038e-01 2.579496684622454632e+04 1.314147789336813865e+01
1.340641383606921089e+01 7.273717007135969137e-01 2.247121631378926395e+04 1.380154128129034952e+01
1.339139243391644740e+01 7.474439300392755614e-01 1.960522419147811888e+04 1.449335659888080308e+01
1.337705876093925994e+01 7.677506965700598984e-01 1.711816471699655085e+04 1.521857739186642355e+01
1.336334722586117607e+01 7.882687037907545324e-01 1.496355843906829796e+04 1.597896413723402986e+01
1.335007580314699283e+01 8.089940680936051898e-01 1.309436246733483858e+04 1.677639076982150712e+01
1.333700718743903835e+01 8.299318222725342586e-01 1.147138354072018774e+04 1.761172212557211481e+01
1.332409040990238935e+01 8.510534656563185640e-01 1.005546989361343913e+04 1.848627654340311821e+01
1.331146000089733050e+01 8.723677653780480545e-01 8.826235089897667422e+03 1.940378109536712259e+01
1.329874169333717226e+01 8.938568317199119262e-01 7.753085117226075454e+03 2.036660729665325320e+01
1.328578887567538125e+01 9.155239055694488481e-01 6.816126415544037627e+03 2.137727772757582656e+01
1.327308344526065831e+01 9.373621704286076994e-01 5.997932552513061637e+03 2.243535870403280441e+01
1.325981122742228813e+01 9.593367245745808569e-01 5.284189969086085512e+03 2.354470471104489349e+01
1.324643984172343458e+01 9.814684630156867984e-01 4.657125186002924238e+03 2.470985066853107881e+01
1.323309222410865260e+01 1.003854091601858789e+00 4.107653214279222993e+03 2.591359466428888680e+01
1.321885184054314699e+01 1.026376374367244937e+00 3.623681619646726631e+03 2.720072528490837627e+01
1.320467643448717254e+01 1.049210118067598119e+00 3.198554644950827878e+03 2.852330793756843264e+01
1.319078377165352123e+01 1.072463659886801368e+00 2.821728504076699664e+03 2.992209534604778653e+01
1.317631374313826953e+01 1.096024930056513691e+00 2.489117255206360369e+03 3.138712298250473509e+01
1.316224053782434744e+01 1.120028808037708545e+00 2.194867258132064762e+03 3.289247271410864215e+01
1.314834095394394176e+01 1.144461505580539828e+00 1.935377081033693457e+03 3.451196122240645536e+01
1.313460056149057031e+01 1.169312578338597364e+00 1.706367977971602841e+03 3.614259533564793969e+01
1.312123496093241215e+01 1.194640890880805273e+00 1.503369297975572863e+03 3.787288711386776185e+01
1.310820302940470938e+01 1.220367386925883313e+00 1.325083159361221306e+03 3.970671263899521364e+01
1.309551038355059838e+01 1.246532468684353301e+00 1.167827476902321678e+03 4.154975067257014842e+01
1.308345854009787246e+01 1.273178739629288625e+00 1.028977544310636404e+03 4.352957105640822277e+01
1.307160795401665077e+01 1.300207915683463611e+00 9.068162667053773021e+02 4.558064692025058662e+01
1.306019430761117306e+01 1.327588561003976597e+00 7.994527747340664519e+02 4.768483979587465882e+01
1.304940340796600395e+01 1.355438047305637106e+00 7.047350673094040303e+02 4.994464505290487466e+01
1.303889674484556238e+01 1.383615347365289905e+00 6.214889225836442392e+02 5.224019369187119111e+01
1.302869200098496449e+01 1.412069832653064072e+00 5.484272752308064582e+02 5.464058388469688765e+01
1.301894941090144542e+01 1.440919832889608898e+00 4.841777447423597209e+02 5.721795434041917616e+01
1.300939940043631893e+01 1.470017036490082862e+00 4.274867162696817218e+02 5.978852294585258420e+01
1.300019709986945671e+01 1.499387903944424005e+00 3.777149130671392641e+02 6.252791120827334481e+01
1.299125142407722855e+01 1.529016056586093963e+00 3.339609491942537716e+02 6.542922081362632980e+01
1.298250300644208366e+01 1.558836947644560045e+00 2.954422493309224933e+02 6.834844040982007130e+01
1.297374088039872042e+01 1.588850187681739801e+00 2.615336824102089963e+02 7.147884723684997255e+01
1.296507115020933654e+01 1.618978485532553080e+00 2.316885288838107044e+02 7.472385223000847532e+01
1.295646197277906175e+01 1.649247789659549657e+00 2.054270504533632220e+02 7.806614119993155043e+01
1.294803272790994875e+01 1.679637976298203217e+00 1.822720241145935347e+02 8.165061346849402923e+01
1.293943622505144830e+01 1.710069435269160554e+00 1.618460623713749271e+02 8.528022720869772400e+01
1.293062990250884603e+01 1.740511269076289391e+00 1.438475598629069054e+02 8.911616031552757988e+01
1.292165625961238895e+01 1.770949936597457475e+00 1.279523051074703659e+02 9.317398348391391494e+01
1.291266046291661063e+01 1.801402954770769282e+00 1.139485121584060892e+02 9.729275184229274487e+01
1.290319800505678316e+01 1.831708512221964735e+00 1.015415987910381546e+02 1.017077252765270714e+02
1.289352696855871550e+01 1.861986615015273294e+00 9.055116272698299440e+01 1.062421219332843947e+02
1.288346220827573241e+01 1.892086939587978689e+00 8.085044769004926479e+01 1.109952460932169060e+02
1.287303772160906057e+01 1.922034834347675192e+00 7.226005526024196968e+01 1.160329891639383391e+02
1.286211974603753028e+01 1.951773845662739371e+00 6.464728429610902083e+01 1.211684625060025695e+02
1.285088176657148473e+01 1.981340007944521586e+00 5.789170462667875228e+01 1.266735445104754518e+02
1.283909338688332724e+01 2.010602430606358570e+00 5.189719921922488766e+01 1.323140731247712267e+02
1.282650756686867055e+01 2.039538453645723504e+00 4.656716180342056077e+01 1.382908109373615844e+02
1.281321433367087081e+01 2.068103651612664518e+00 4.183323034717691513e+01 1.445191248287070778e+02
1.279955473356051243e+01 2.096281504874587753e+00 3.763455076883459327e+01 1.510543730083910816e+02
1.278482047701531421e+01 2.123888948236142493e+00 3.390499334344902138e+01 1.578974772303537577e+02
1.276932525197710078e+01 2.151033912979933405e+00 3.057943425396206649e+01 1.650944139911996160e+02
1.275290750408121454e+01 2.177583189671024044e+00 2.761180342684887279e+01 1.726100437622877450e+02
1.273527103683709250e+01 2.203422586071910771e+00 2.497961700458444056e+01 1.805795153211344939e+02
1.271660492974293000e+01 2.228594816571274340e+00 2.262578610287702929e+01 1.888576225388746082e+02
1.269670025508699318e+01 2.252961937811730930e+00 2.052979891949857816e+01 1.976209575057064285e+02
1.267543126835998102e+01 2.276523672022518596e+00 1.865581525201033841e+01 2.068762803626842128e+02
1.265290871352797986e+01 2.299232351437055843e+00 1.697856137077597793e+01 2.165725330126697372e+02
1.262884448170077079e+01 2.321005900129210708e+00 1.547997969264780238e+01 2.268195630017595761e+02
1.260306907113403874e+01 2.341727050805792132e+00 1.413935279628551278e+01 2.376529133576157733e+02
1.257572449819173066e+01 2.361454244258199164e+00 1.293717533668537101e+01 2.491085946138222482e+02
1.254653855906076565e+01 2.380016394123794399e+00 1.185898338388473761e+01 2.612318556919664729e+02
1.251564935745377660e+01 2.397418858760145710e+00 1.089505624907234704e+01 2.740769124557305645e+02
1.248291785302000534e+01 2.413695168937389557e+00 1.002393988930409385e+01 2.877070733574500423e+02
1.244769911334538470e+01 2.428536220007422752e+00 9.245264019541304279e+00 3.021951871130623886e+02
1.241072964964302372e+01 2.442070227014457640e+00 8.544116774622134258e+00 3.176243739261297492e+02
1.237141962508332149e+01 2.454214550836824493e+00 7.913179940117436750e+00 3.340623883471973841e+02
1.233012590339347270e+01 2.464817796265164507e+00 7.351008776162903935e+00 3.516339089928747512e+02
1.228607849413238817e+01 2.473799172860212447e+00 6.845429540801275969e+00 3.704436111359263464e+02
1.223963772430155039e+01 2.481110958094794761e+00 6.392209218770814161e+00 3.906413324899486952e+02
1.219046758526274488e+01 2.486587003187377132e+00 5.987745373713684316e+00 4.123920691906602087e+02
1.213866309149982925e+01 2.490137788349433112e+00 5.627448446097575108e+00 4.359038821371793802e+02
1.208436642251337823e+01 2.491652050392658690e+00 5.311262336968840536e+00 4.614408493833219609e+02
