Line 1:
X	Y
0.12	11.471096608283295
0.16	14.14649925093174
0.2	17.030955388912357
0.24	20.12828866188322
0.28	23.404489441959896
0.32	26.798839422909644

Line 2:
X	Y
0.12	14.098787223175474
0.16	19.05236081082519
0.2	24.957192620249636
0.24	31.558209160015615
0.28	38.635921177745864
0.32	45.98570161753859

Line 3:
X	Y
0.12	15.217266988278253
0.16	21.31258417273229
0.2	28.80171279259143
0.24	37.4261685606268
0.28	46.63632169451185
0.32	56.172008867446145

Line 4:
X	Y
0.12	13.98634338036118
0.16	18.83302916635629
0.2	24.589157961118815
0.24	31.02320169987231
0.28	37.90987043419223
0.32	45.06535660874379

Line 5:
X	Y
0.12	12.392738049236602
0.16	15.743286189820994
0.2	19.465298958617588
0.24	23.52548371973517
0.28	27.806008516908275
0.32	32.24189029881438

Line 6:
X	Y
0.12	14.789062748416182
0.16	20.446130836567576
0.2	27.34205561901427
0.24	35.11009407129786
0.28	43.49420761200374
0.32	52.15966982918218

Line 7:
X	Y
0.12	14.113187651802487
0.16	19.005454658380962
0.2	24.807136439382905
0.24	31.28188954999999
0.28	38.20077186337092
0.32	45.401999645646264

Line 8:
X	Y
0.12	15.593248634458636
0.16	22.006101512130677
0.2	29.976167481237987
0.24	39.21295618303158
0.28	48.95175838054783
0.32	59.09862953686023

Line 9:
X	Y
0.12	15.503462838430167
0.16	21.833089318846852
0.2	29.68741208953291
0.24	38.73704695794469
0.28	48.32907524337813
0.32	58.299961165287705

Line 10:
X	Y
0.12	12.270419395806059
0.16	15.60764434872772
0.2	19.343221177412808
0.24	23.42873848838087
0.28	27.760182447306008
0.32	32.24188547281356

Line 11:
X	Y
0.12	11.697687210374474
0.16	14.438108876187133
0.2	17.380205493308033
0.24	20.480690401459707
0.28	23.73691684458009
0.32	27.111442645486395

Line 12:
X	Y
0.12	14.934479315324383
0.16	20.699027349130056
0.2	27.756802618518698
0.24	35.679972745114114
0.28	44.230821665788966
0.32	53.070770233221474

Line 13:
X	Y
0.12	11.12754219470918
0.16	13.498484777814998
0.2	15.99532060536071
0.24	18.6414606243248
0.28	21.41869481860239
0.32	24.315272325878738

Line 14:
X	Y
0.12	14.308304693923567
0.16	19.493285907746007
0.2	25.725965950377148
0.24	32.7074749205505
0.28	40.223897054112314
0.32	48.01202507674523

Line 15:
X	Y
0.12	14.46707195791431
0.16	19.81167772868569
0.2	26.268019806823986
0.24	33.511223107736306
0.28	41.32308970307324
0.32	49.40814608712334

Line 16:
X	Y
0.12	12.51996725258242
0.16	16.031229461805392
0.2	19.980720751431146
0.24	24.31800054148923
0.28	28.905243226442856
0.32	33.65945809945713

Line 17:
X	Y
0.12	10.987073664642315
0.16	13.167717753309534
0.2	15.431067316507264
0.24	17.73628380579734
0.28	20.13190475160013
0.32	22.65035927350796

Line 18:
X	Y
0.12	11.155901103744053
0.16	13.447316580601958
0.2	15.842752507521281
0.24	18.277660263136013
0.28	20.81361118493348
0.32	23.466654951149717

Line 19:
X	Y
0.12	15.064914695207257
0.16	20.967309604554348
0.2	28.22038311247271
0.24	36.4018026600251
0.28	45.214230002971036
0.32	54.32496527232123

Line 20:
X	Y
0.12	13.217137234618898
0.16	17.282297012904607
0.2	21.946497405642
0.24	27.13289876590111
0.28	32.611997514500096
0.32	38.316530905703935

Line 21:
X	Y
0.12	12.868507888534213
0.16	16.735494657889337
0.2	21.17373683655191
0.24	26.09055574719563
0.28	31.307254970316126
0.32	36.71952318280287

Line 22:
X	Y
0.12	15.011359917852172
0.16	20.773716443485572
0.2	27.838972248865065
0.24	35.69223647743483
0.28	44.170385349549555
0.32	52.94086664445842

Line 23:
X	Y
0.12	12.046130114068534
0.16	15.099930301297388
0.2	18.440900481593612
0.24	22.036535503959538
0.28	25.825286585549044
0.32	29.747317213840592

Line 24:
X	Y
0.12	12.006343494414867
0.16	15.011595189609825
0.2	18.286267237884598
0.24	21.797377490564795
0.28	25.492422500758163
0.32	29.317823008786384

Line 25:
X	Y
0.12	14.534027010162013
0.16	19.897998663121754
0.2	26.380357264131096
0.24	33.62653987516737
0.28	41.43894054589251
0.32	49.531520371030894

Line 26:
X	Y
0.12	13.223721081802841
0.16	17.34591986443247
0.2	22.10478250659628
0.24	27.399771602690183
0.28	33.009207568824245
0.32	38.84378967474789

Line 27:
X	Y
0.12	12.643103635406082
0.16	16.343194617130283
0.2	20.570332849874767
0.24	25.238142040264876
0.28	30.197127681457047
0.32	35.33396083644226

Line 28:
X	Y
0.12	12.78300716953728
0.16	16.570419246254193
0.2	20.901202708880536
0.24	25.691517463730406
0.28	30.771967288762568
0.32	36.041112070202765

Line 29:
X	Y
0.12	15.069921717624128
0.16	20.977618853281783
0.2	28.238121183971558
0.24	36.42980105785152
0.28	45.25231853614977
0.32	54.373622598730186

Line 30:
X	Y
0.12	12.807598219038749
0.16	16.547471014092764
0.2	20.790513023022744
0.24	25.478119946569628
0.28	30.431305627994536
0.32	35.57442761685448

Line 31:
X	Y
0.12	15.390250808330457
0.16	21.56564639708708
0.2	29.241647368505163
0.24	37.88543414552449
0.28	47.15009868528976
0.32	56.746447708336255

Line 32:
X	Y
0.12	15.418006407855001
0.16	21.6467354617191
0.2	29.380586321919676
0.24	38.17468937102905
0.28	47.56388650224215
0.32	57.30023916624564

Line 33:
X	Y
0.12	14.351166252934943
0.16	19.50640025783332
0.2	25.687515168574414
0.24	32.585724530296346
0.28	39.99775321280093
0.32	47.69236971276492

Line 34:
X	Y
0.12	13.056878705135071
0.16	17.016129034988616
0.2	21.55119851673673
0.24	26.58461357007561
0.28	31.90767247434481
0.32	37.442122061037324

Line 35:
X	Y
0.12	13.975637118500213
0.16	18.842567877622873
0.2	24.633474937795995
0.24	31.11199835879872
0.28	38.054749023556
0.32	45.26201220675322

Line 36:
X	Y
0.12	15.021097588103025
0.16	20.80129416769176
0.2	27.892880560520616
0.24	35.78269878660496
0.28	44.300361210544125
0.32	53.11062379980259

Line 37:
X	Y
0.12	14.41558633681809
0.16	19.60983705973121
0.2	25.842588204226004
0.24	32.79084126156921
0.28	40.256518510067444
0.32	48.00877055842585

Line 38:
X	Y
0.12	10.908425370664693
0.16	13.03004543396843
0.2	15.221602390211022
0.24	17.450393689032822
0.28	19.76067933770361
0.32	22.196917654645226

Line 39:
X	Y
0.12	14.353095543744942
0.16	19.587088638583484
0.2	25.888684199453184
0.24	32.95217748318471
0.28	40.56196588977792
0.32	48.44327992590566

Line 40:
X	Y
0.12	11.431254778681915
0.16	14.057121034084144
0.2	16.876854636043635
0.24	19.8892276408761
0.28	23.071009468764057
0.32	26.370490722126558

Line 41:
X	Y
0.12	13.286854151227674
0.16	17.52618238524697
0.2	22.4634346942654
0.24	27.963932990092545
0.28	33.81207104697595
0.32	39.888021487613635

Line 42:
X	Y
0.12	13.594566009905984
0.16	18.016134798066307
0.2	23.1691414417493
0.24	28.919402335723028
0.28	35.02101620824597
0.32	41.37735620480238

Line 43:
X	Y
0.12	14.914699750443361
0.16	20.587974729949977
0.2	27.51955138187411
0.24	35.22887407663521
0.28	43.551355399543965
0.32	52.16421299325178

Line 44:
X	Y
0.12	11.682846831728419
0.16	14.42352704255565
0.2	17.369355542124644
0.24	20.479580926798505
0.28	23.74943183136461
0.32	27.13797792300333

Line 45:
X	Y
0.12	14.481779769843792
0.16	19.887673553763623
0.2	26.42579003757562
0.24	33.80456154211875
0.28	41.765353581151274
0.32	49.993289940814485

Line 46:
X	Y
0.12	13.445121769257566
0.16	17.82725850410239
0.2	22.957340217933492
0.24	28.68107905537416
0.28	34.7750610303736
0.32	41.107568511133145

Line 47:
X	Y
0.12	10.992503807866425
0.16	13.180519835407937
0.2	15.452792704759968
0.24	17.771332154018804
0.28	20.181954718819007
0.32	22.715275131725726

Line 48:
X	Y
0.12	12.507044412786279
0.16	16.065451364875326
0.2	20.09706176797391
0.24	24.534125953942706
0.28	29.24220213169944
0.32	34.11756980782145

Line 49:
X	Y
0.12	13.068697770762476
0.16	17.01419824344117
0.2	21.522219342543803
0.24	26.524655873450072
0.28	31.808302881487457
0.32	37.30434417307355

Line 50:
X	Y
0.12	14.508088850721395
0.16	19.923453385825788
0.2	26.47663276581862
0.24	33.85884703855916
0.28	41.82446139961585
0.32	50.05990560642989

Line 51:
X	Y
0.12	11.006738594311557
0.16	13.195642051263919
0.2	15.468946656619186
0.24	17.777686337833092
0.28	20.176719675612965
0.32	22.697729706117507

Line 52:
X	Y
0.12	12.194694768184373
0.16	15.477490986384483
0.2	19.145274084790223
0.24	23.152055004739584
0.28	27.40266171760105
0.32	31.79896178910954

Line 53:
X	Y
0.12	15.539726264465639
0.16	21.807212752518495
0.2	29.654812406719042
0.24	38.40468030891101
0.28	47.77746441549305
0.32	57.489185389302584

Line 54:
X	Y
0.12	13.60363844351557
0.16	18.130537410104992
0.2	23.457115270485357
0.24	29.40692595492405
0.28	35.752677706300645
0.32	42.3463453661828

Line 55:
X	Y
0.12	14.167411740973716
0.16	19.177974705946827
0.2	25.16076139317802
0.24	31.84716817183041
0.28	39.02132086176338
0.32	46.47034936579375

Line 56:
X	Y
0.12	15.36846458248817
0.16	21.549998831310695
0.2	29.215275485613425
0.24	37.91338188754253
0.28	47.21795507729265
0.32	56.85940596419746

Line 57:
X	Y
0.12	13.361825400434823
0.16	17.64540188627269
0.2	22.634657232898796
0.24	28.195939727321555
0.28	34.10536122012437
0.32	40.24905980242276

Line 58:
X	Y
0.12	11.338077705396714
0.16	13.83059805738542
0.2	16.47710021854704
0.24	19.249138775828214
0.28	22.161642054170517
0.32	25.190775961151644

Line 59:
X	Y
0.12	12.89059898915054
0.16	16.706459988172938
0.2	21.051493299237546
0.24	25.86023144603467
0.28	30.94337787231118
0.32	36.22362736300479

Line 60:
X	Y
0.12	15.11992271338305
0.16	21.060280298235853
0.2	28.375003239608176
0.24	36.607937823971845
0.28	45.47471090768207
0.32	54.643324686986126

Line 61:
X	Y
0.12	15.356825532255101
0.16	21.573175937093637
0.2	29.23903988192722
0.24	38.09575221124482
0.28	47.512836701781
0.32	57.281049892396226

Line 62:
X	Y
0.12	14.995645477942833
0.16	20.847803110318523
0.2	28.021604346473087
0.24	36.13097347626987
0.28	44.86761521824016
0.32	53.89780138178488

Line 63:
X	Y
0.12	14.834678981795577
0.16	20.47969210935951
0.2	27.367346428258987
0.24	35.06682348378403
0.28	43.38061412874699
0.32	51.98056802275596

Line 64:
X	Y
0.12	12.496502820827965
0.16	16.031020494135873
0.2	20.026118723914934
0.24	24.419423660312088
0.28	29.07734505377009
0.32	33.901515099498134

Line 65:
X	Y
0.12	13.374587808872501
0.16	17.614689610528895
0.2	22.526751784051935
0.24	28.00016815031342
0.28	33.80019990477365
0.32	39.83788105363055

Line 66:
X	Y
0.12	14.494345625269677
0.16	19.778176979879508
0.2	26.14154065372059
0.24	33.23693846141066
0.28	40.87326410540243
0.32	48.79497059857701

Line 67:
X	Y
0.12	15.574490944419786
0.16	21.906138607547817
0.2	29.833416968734532
0.24	38.75967126511409
0.28	48.2806820706749
0.32	58.164316469554805

Line 68:
X	Y
0.12	11.969111277007062
0.16	14.953619778254602
0.2	18.20552739282822
0.24	21.69130617041841
0.28	25.362374610599076
0.32	29.162649904682823

Line 69:
X	Y
0.12	12.974122227448092
0.16	16.8403961888861
0.2	21.244194885155764
0.24	26.123270041849636
0.28	31.275679428071967
0.32	36.63218204869667

Line 70:
X	Y
0.12	12.262427353804844
0.16	15.568779326059868
0.2	19.25642292970336
0.24	23.281981031245174
0.28	27.543874739221852
0.32	31.954830492178317

