Line 1:
X	Y
1.0	1600.2028971457978
1.0344827586206897	1352.1290546114722
1.0689655172413792	1147.1319268934183
1.103448275862069	977.1048494541303
1.1379310344827587	835.3860994554437
1.1724137931034484	716.8574448214221
1.206896551724138	616.9912966634109
1.2413793103448276	532.5741784386278
1.2758620689655173	460.9316181591916
1.3103448275862069	399.75664801152516
1.3448275862068966	347.68765888700136
1.3793103448275863	302.9062081096164
1.4137931034482758	264.46205752057654
1.4482758620689655	231.3144159499314
1.4827586206896552	202.57699251469708
1.5172413793103448	177.7322299922419
1.5517241379310345	156.11144230651726
1.5862068965517242	137.23661164352308
1.6206896551724137	120.77856713406145
1.6551724137931034	106.37775894008561
1.6896551724137931	93.72958580785196
1.7241379310344827	82.64315569765833
1.7586206896551724	72.85659876089694
1.793103448275862	64.23101894814108
1.8275862068965516	56.60325624044795
1.8620689655172413	49.855756723089954
1.896551724137931	43.85069769946762
1.9310344827586206	38.51690970946558
1.9655172413793103	33.77149113685526
2.0	29.537561018050187

Line 2:
X	Y
1.0	2861.979073782646
1.0344827586206897	2371.097247621659
1.0689655172413792	1975.0096499099388
1.103448275862069	1653.3364633142023
1.1379310344827587	1390.6612261302437
1.1724137931034484	1174.812536940713
1.206896551724138	996.3104939302042
1.2413793103448276	848.1287244293144
1.2758620689655173	724.4612933343392
1.3103448275862069	620.7277644679695
1.3448275862068966	533.473392252911
1.3793103448275863	459.7404629202064
1.4137931034482758	397.0162278442529
1.4482758620689655	343.7550036838558
1.4827586206896552	298.26213548894583
1.5172413793103448	259.2358408622724
1.5517241379310345	225.76189292819083
1.5862068965517242	196.91720240658938
1.6206896551724137	171.98004966418097
1.6551724137931034	150.40560575980447
1.6896551724137931	131.66033202750774
1.7241379310344827	115.39749580986614
1.7586206896551724	101.20985717012424
1.793103448275862	88.82261236515957
1.8275862068965516	77.96857327464168
1.8620689655172413	68.47244435388599
1.896551724137931	60.1211010773826
1.9310344827586206	52.78003244529919
1.9655172413793103	46.28960167168794
2.0	40.55649810467909

Line 3:
X	Y
1.0	3945.3379586858705
1.0344827586206897	3253.319512238991
1.0689655172413792	2695.2158260122446
1.103448275862069	2242.1763704141617
1.1379310344827587	1873.4974936683584
1.1724137931034484	1572.4248691572584
1.206896551724138	1324.8941028960462
1.2413793103448276	1120.6854489919829
1.2758620689655173	951.4985791400549
1.3103448275862069	810.29449115148
1.3448275862068966	692.5625618070977
1.3793103448275863	593.8139283744899
1.4137931034482758	510.40762408261907
1.4482758620689655	439.7771171742102
1.4827586206896552	379.99639053055284
1.5172413793103448	328.9888400336346
1.5517241379310345	285.4395075090832
1.5862068965517242	248.19062985216402
1.6206896551724137	216.08184754508625
1.6551724137931034	188.43280237935352
1.6896551724137931	164.58215557653014
1.7241379310344827	143.93237452127977
1.7586206896551724	125.99308037885795
1.793103448275862	110.4307680277798
1.8275862068965516	96.84418649623628
1.8620689655172413	84.99606336959259
1.896551724137931	74.652091206786
1.9310344827586206	65.58533112187904
1.9655172413793103	57.63642094908894
2.0	50.63784099658739

Line 4:
X	Y
1.0	2798.2760175582484
1.0344827586206897	2324.77741524836
1.0689655172413792	1942.5541361774808
1.103448275862069	1631.5066748760757
1.1379310344827587	1376.6126150711482
1.1724137931034484	1166.8868038913008
1.206896551724138	993.0803937896409
1.2413793103448276	848.4533323719359
1.2758620689655173	727.2317048546571
1.3103448275862069	625.4234992613318
1.3448275862068966	539.4649929744571
1.3793103448275863	466.7128408272574
1.4137931034482758	404.746724767041
1.4482758620689655	351.85103664254905
1.4827586206896552	306.5128348508603
1.5172413793103448	267.60239153867934
1.5517241379310345	234.05601279094
1.5862068965517242	205.07177742715166
1.6206896551724137	179.9252950914605
1.6551724137931034	158.09034362217088
1.6896551724137931	139.0979910888306
1.7241379310344827	122.54110036428466
1.7586206896551724	108.05725628772676
1.793103448275862	95.36797258755794
1.8275862068965516	84.22622101684198
1.8620689655172413	74.45488318194163
1.896551724137931	65.83500562168967
1.9310344827586206	58.240088822514096
1.9655172413793103	51.53950426640943
2.0	45.620051979156685

Line 5:
X	Y
1.0	1837.8744319535117
1.0344827586206897	1543.8320095301071
1.0689655172413792	1302.8842494052863
1.103448275862069	1104.571273770776
1.1379310344827587	939.9850280592551
1.1724137931034484	802.9786918950715
1.206896551724138	688.1788611526555
1.2413793103448276	591.814908979678
1.2758620689655173	510.27005037536816
1.3103448275862069	441.0578657056428
1.3448275862068966	382.2880921955794
1.3793103448275863	332.03770926646706
1.4137931034482758	289.01477614798665
1.4482758620689655	251.9703316332793
1.4827586206896552	220.10509568119033
1.5172413793103448	192.53891353169368
1.5517241379310345	168.72499815140276
1.5862068965517242	147.9720322698851
1.6206896551724137	129.93879930805366
1.6551724137931034	114.18076139788205
1.6896551724137931	100.43304641077142
1.7241379310344827	88.39154304631685
1.7586206896551724	77.80618842801469
1.793103448275862	68.53206543104022
1.8275862068965516	60.32826399093271
1.8620689655172413	53.11556996090503
1.896551724137931	46.7346838721755
1.9310344827586206	41.10162360742171
1.9655172413793103	36.113565168342944
2.0	31.681224068548975

Line 6:
X	Y
1.0	3481.061862233632
1.0344827586206897	2870.369567444171
1.0689655172413792	2377.8783789506524
1.103448275862069	1978.470221226794
1.1379310344827587	1653.4419310024498
1.1724137931034484	1387.5930764147083
1.206896551724138	1168.464773584519
1.2413793103448276	987.8434066612986
1.2758620689655173	837.8241457724921
1.3103448275862069	712.640700302712
1.3448275862068966	607.9828640788363
1.3793103448275863	520.1913100705128
1.4137931034482758	446.0213713808606
1.4482758620689655	383.29790583960045
1.4827586206896552	330.0400326244737
1.5172413793103448	284.7530531575781
1.5517241379310345	246.11136200796506
1.5862068965517242	213.00818827494294
1.6206896551724137	184.55598214091077
1.6551724137931034	160.14174968092863
1.6896551724137931	139.04488140316326
1.7241379310344827	120.84436250478107
1.7586206896551724	105.07050621401915
1.793103448275862	91.36312908341131
1.8275862068965516	79.41261548208261
1.8620689655172413	68.9966962795563
1.896551724137931	59.86434256274072
1.9310344827586206	51.85468167100681
1.9655172413793103	44.78293287552613
2.0	38.49272535086674

Line 7:
X	Y
1.0	2743.471460580253
1.0344827586206897	2260.6813878753023
1.0689655172413792	1871.253408353669
1.103448275862069	1556.3812087817923
1.1379310344827587	1299.0038048266076
1.1724137931034484	1088.9550016322557
1.206896551724138	915.0300426611983
1.2413793103448276	771.7256513018001
1.2758620689655173	652.6204759330125
1.3103448275862069	553.2384796242256
1.3448275862068966	470.1007495827146
1.3793103448275863	400.37294322712995
1.4137931034482758	341.5049618362714
1.4482758620689655	291.814519118495
1.4827586206896552	249.55830358171136
1.5172413793103448	213.65989615306248
1.5517241379310345	183.02248807670583
1.5862068965517242	156.85406637679867
1.6206896551724137	134.30788013621404
1.6551724137931034	114.98724423070125
1.6896551724137931	98.29264344716918
1.7241379310344827	83.89280514835785
1.7586206896551724	71.41873565995249
1.793103448275862	60.586189767149094
1.8275862068965516	51.16557049130505
1.8620689655172413	42.957399656567645
1.896551724137931	35.76117895882347
1.9310344827586206	29.44496123574584
1.9655172413793103	23.815461906820136
2.0	18.687619669783608

Line 8:
X	Y
1.0	4274.092353056001
1.0344827586206897	3524.5891885745577
1.0689655172413792	2917.397708440162
1.103448275862069	2423.9085895895387
1.1379310344827587	2022.7119221085159
1.1724137931034484	1694.7852196738577
1.206896551724138	1425.5964385199443
1.2413793103448276	1203.8197888334537
1.2758620689655173	1020.207675249902
1.3103448275862069	867.3751888984112
1.3448275862068966	740.3948459440292
1.3793103448275863	633.9346136947222
1.4137931034482758	544.1245624727517
1.4482758620689655	468.1365767102713
1.4827586206896552	403.93355054978207
1.5172413793103448	349.34592983793334
1.5517241379310345	302.7643517724487
1.5862068965517242	263.000713945622
1.6206896551724137	228.73681556206273
1.6551724137931034	199.36738672333348
1.6896551724137931	173.972950389985
1.7241379310344827	152.00438633776318
1.7586206896551724	133.0369764771185
1.793103448275862	116.51775100620728
1.8275862068965516	102.15240514538905
1.8620689655172413	89.63149395586001
1.896551724137931	78.70431968956969
1.9310344827586206	69.14823050159251
1.9655172413793103	60.79065934414186
2.0	53.436746676746274

Line 9:
X	Y
1.0	4177.530801683359
1.0344827586206897	3445.4395749652504
1.0689655172413792	2852.408522649802
1.103448275862069	2371.1088439471187
1.1379310344827587	1980.0212208494854
1.1724137931034484	1660.4103883776068
1.206896551724138	1397.8369523916206
1.2413793103448276	1181.4631442426794
1.2758620689655173	1002.4117088555155
1.3103448275862069	853.2641983048345
1.3448275862068966	729.0444632384892
1.3793103448275863	624.8957488910477
1.4137931034482758	537.0419625130278
1.4482758620689655	462.63308281918955
1.4827586206896552	399.7396218176564
1.5172413793103448	346.1332092130403
1.5517241379310345	300.375891570627
1.5862068965517242	261.2591984766976
1.6206896551724137	227.53513538473854
1.6551724137931034	198.5755635705644
1.6896551724137931	173.54688733452178
1.7241379310344827	151.86692075270312
1.7586206896551724	133.0776174782507
1.793103448275862	116.75186651932898
1.8275862068965516	102.50517267398078
1.8620689655172413	90.08529383135787
1.896551724137931	79.24331670384447
1.9310344827586206	69.73160684603013
1.9655172413793103	61.407606152349366
2.0	54.066504814872445

Line 10:
X	Y
1.0	1745.8816625813695
1.0344827586206897	1458.245539740715
1.0689655172413792	1223.0950716566927
1.103448275862069	1030.2652395733944
1.1379310344827587	871.7119810828286
1.1724137931034484	739.871950091702
1.206896551724138	629.9137028538014
1.2413793103448276	538.1204858069144
1.2758620689655173	460.68948905740086
1.3103448275862069	395.2837788596066
1.3448275862068966	340.0257174867129
1.3793103448275863	292.9647905383533
1.4137931034482758	252.79118088742885
1.4482758620689655	218.44814093158433
1.4827586206896552	188.92214267272016
1.5172413793103448	163.54890281903823
1.5517241379310345	141.6365107547844
1.5862068965517242	122.68804233220507
1.6206896551724137	106.19884632421557
1.6551724137931034	91.88807449895612
1.6896551724137931	79.4073561713079
1.7241379310344827	68.50728996369263
1.7586206896551724	58.948347846555045
1.793103448275862	50.57035405664026
1.8275862068965516	43.16926081146777
1.8620689655172413	36.63090115628737
1.896551724137931	30.817641296016667
1.9310344827586206	25.608856607158145
1.9655172413793103	20.8515924408352
2.0	16.23986522906201

Line 11:
X	Y
1.0	1593.846134128185
1.0344827586206897	1346.6041314980437
1.0689655172413792	1142.525917067057
1.103448275862069	973.1905188964028
1.1379310344827587	832.233150408569
1.1724137931034484	713.9652901385524
1.206896551724138	614.675239424827
1.2413793103448276	530.4990215264057
1.2758620689655173	459.1792352520494
1.3103448275862069	398.30972627776674
1.3448275862068966	346.3840048966396
1.3793103448275863	301.80075014784757
1.4137931034482758	263.523507506298
1.4482758620689655	230.42689298523783
1.4827586206896552	201.84297360786778
1.5172413793103448	177.05340008782323
1.5517241379310345	155.46996698708494
1.5862068965517242	136.68686375323838
1.6206896551724137	120.26095609257719
1.6551724137931034	105.89506023471164
1.6896551724137931	93.26611293865778
1.7241379310344827	82.20461639192925
1.7586206896551724	72.40831295845642
1.793103448275862	63.796202872264296
1.8275862068965516	56.12452890786042
1.8620689655172413	49.34790819518881
1.896551724137931	43.302409001001294
1.9310344827586206	37.89931222618623
1.9655172413793103	33.05759722393504
2.0	28.63531673122936

Line 12:
X	Y
1.0	3568.434045074238
1.0344827586206897	2942.5252537413544
1.0689655172413792	2438.612458837025
1.103448275862069	2029.8973708551043
1.1379310344827587	1696.9012075853836
1.1724137931034484	1424.579272675031
1.206896551724138	1200.8556656370201
1.2413793103448276	1015.8258177887751
1.2758620689655173	862.404583736285
1.3103448275862069	734.2366064972265
1.3448275862068966	627.2778757173379
1.3793103448275863	537.2438166195867
1.4137931034482758	461.3730545585272
1.4482758620689655	397.0758222120742
1.4827586206896552	342.5294748928247
1.5172413793103448	296.05013221117866
1.5517241379310345	256.352133647136
1.5862068965517242	222.340377022122
1.6206896551724137	193.0650474026914
1.6551724137931034	167.9235315802736
1.6896551724137931	146.1802289446617
1.7241379310344827	127.41814600622415
1.7586206896551724	111.12569005801846
1.793103448275862	96.96887300764786
1.8275862068965516	84.64342348509999
1.8620689655172413	73.90223975601367
1.896551724137931	64.49739615366839
1.9310344827586206	56.2815554727585
1.9655172413793103	49.02011289623793
2.0	42.65614910644979

Line 13:
X	Y
1.0	1466.1355671219374
1.0344827586206897	1240.0806139764186
1.0689655172413792	1052.7912539739611
1.103448275862069	897.2171930879979
1.1379310344827587	767.3923686346026
1.1724137931034484	658.6267731589184
1.206896551724138	566.803724760209
1.2413793103448276	489.2243908281694
1.2758620689655173	423.3538411377835
1.3103448275862069	367.0675970480019
1.3448275862068966	319.0340228802303
1.3793103448275863	277.72830257261194
1.4137931034482758	242.27413398183987
1.4482758620689655	211.68774930179228
1.4827586206896552	185.18696631467614
1.5172413793103448	162.19995797642204
1.5517241379310345	142.22568774220608
1.5862068965517242	124.81371120300194
1.6206896551724137	109.55601331081554
1.6551724137931034	96.24507786649866
1.6896551724137931	84.53850172513614
1.7241379310344827	74.30031164167804
1.7586206896551724	65.23995020757202
1.793103448275862	57.27680440137593
1.8275862068965516	50.217195863352714
1.8620689655172413	43.98920830101735
1.896551724137931	38.445291795852576
1.9310344827586206	33.53432839291394
1.9655172413793103	29.153049520306084
2.0	25.274663020323587

Line 14:
X	Y
1.0	3074.731309633441
1.0344827586206897	2548.8006449704435
1.0689655172413792	2124.8182967344915
1.103448275862069	1779.8761370574643
1.1379310344827587	1498.7374354554297
1.1724137931034484	1267.9324535162602
1.206896551724138	1076.7334483310524
1.2413793103448276	918.3963280228388
1.2758620689655173	785.8552668446821
1.3103448275862069	674.6743027488102
1.3448275862068966	581.0605156136279
1.3793103448275863	502.1420472669988
1.4137931034482758	434.92607354032344
1.4482758620689655	377.64830628569246
1.4827586206896552	328.6707346666051
1.5172413793103448	286.6492680483575
1.5517241379310345	250.59318265429175
1.5862068965517242	219.3577934898977
1.6206896551724137	192.34774433883769
1.6551724137931034	168.9495577407851
1.6896551724137931	148.59973313332947
1.7241379310344827	130.85943361271381
1.7586206896551724	115.3213359486978
1.793103448275862	101.81167518990235
1.8275862068965516	89.89845185760002
1.8620689655172413	79.4725458250193
1.896551724137931	70.30252528602226
1.9310344827586206	62.2221911887923
1.9655172413793103	55.08122063577965
2.0	48.77823303632037

Line 15:
X	Y
1.0	3198.1732867218466
1.0344827586206897	2642.636016299105
1.0689655172413792	2195.6762586273317
1.103448275862069	1832.6019805681342
1.1379310344827587	1537.3971151150533
1.1724137931034484	1294.8836695567247
1.206896551724138	1095.0518364247678
1.2413793103448276	929.7471734964511
1.2758620689655173	792.1371657190006
1.3103448275862069	676.8739355726474
1.3448275862068966	580.3763647593009
1.3793103448275863	498.93115484576236
1.4137931034482758	429.96533902650697
1.4482758620689655	371.4057041153693
1.4827586206896552	321.58470090783464
1.5172413793103448	278.9310008425906
1.5517241379310345	242.4219712680672
1.5862068965517242	211.022973804715
1.6206896551724137	183.9314058066841
1.6551724137931034	160.5693138584336
1.6896551724137931	140.3250690327946
1.7241379310344827	122.75970133226241
1.7586206896551724	107.48623671430634
1.793103448275862	94.18341467914681
1.8275862068965516	82.54707246580514
1.8620689655172413	72.39034298016192
1.896551724137931	63.46545170702279
1.9310344827586206	55.643118149833704
1.9655172413793103	48.725994906235364
2.0	42.65124684101191

Line 16:
X	Y
1.0	1837.535616662077
1.0344827586206897	1533.8251235658254
1.0689655172413792	1285.9991548040841
1.103448275862069	1082.8376132269952
1.1379310344827587	915.4153933807165
1.1724137931034484	776.7467884489229
1.206896551724138	661.2429234727888
1.2413793103448276	564.512258635645
1.2758620689655173	483.313076480377
1.3103448275862069	414.7386178935978
1.3448275862068966	356.8020072297698
1.3793103448275863	307.5803422759424
1.4137931034482758	265.56383075400475
1.4482758620689655	229.65243130085054
1.4827586206896552	198.80839891099097
1.5172413793103448	172.3312023001169
1.5517241379310345	149.4863125502594
1.5862068965517242	129.74015091555447
1.6206896551724137	112.58139138159441
1.6551724137931034	97.70961238734324
1.6896551724137931	84.7622789084132
1.7241379310344827	73.47272552338062
1.7586206896551724	63.600724720731165
1.793103448275862	54.97397673988146
1.8275862068965516	47.366785563346454
1.8620689655172413	40.70587584296999
1.896551724137931	34.81240314232839
1.9310344827586206	29.62138042609823
1.9655172413793103	25.012012135574608
2.0	20.92321991932316

Line 17:
X	Y
1.0	1367.3196714105559
1.0344827586206897	1156.3707616643399
1.0689655172413792	982.3354580318494
1.103448275862069	837.2341890695824
1.1379310344827587	716.2320797262518
1.1724137931034484	614.3520792811846
1.206896551724138	528.6112790829035
1.2413793103448276	456.1565467352476
1.2758620689655173	394.50238864425415
1.3103448275862069	341.7273270843772
1.3448275862068966	296.79196189044944
1.3793103448275863	258.1910550191263
1.4137931034482758	224.95114951686574
1.4482758620689655	196.28684105640892
1.4827586206896552	171.47237456161116
1.5172413793103448	149.96250862728826
1.5517241379310345	131.25009943217333
1.5862068965517242	114.96851166257625
1.6206896551724137	100.7074863165507
1.6551724137931034	88.25953157416951
1.6896551724137931	77.31418186500966
1.7241379310344827	67.77564180305271
1.7586206896551724	59.33670457510661
1.793103448275862	51.93075532036879
1.8275862068965516	45.37327704480494
1.8620689655172413	39.614254947934704
1.896551724137931	34.48306441383779
1.9310344827586206	29.96851784108732
1.9655172413793103	25.956267706150992
2.0	22.410760381018925

Line 18:
X	Y
1.0	1430.465178367992
1.0344827586206897	1211.2442618151251
1.0689655172413792	1029.8758998657447
1.103448275862069	878.7213714113309
1.1379310344827587	752.5343587415738
1.1724137931034484	646.5981027152
1.206896551724138	557.0304653665199
1.2413793103448276	481.2315935680601
1.2758620689655173	416.925720254506
1.3103448275862069	361.82133401404684
1.3448275862068966	314.8448357380503
1.3793103448275863	274.40707523297135
1.4137931034482758	239.56636312927802
1.4482758620689655	209.54431645696909
1.4827586206896552	183.51339310352157
1.5172413793103448	160.91700396303256
1.5517241379310345	141.27179685933902
1.5862068965517242	124.1331445441128
1.6206896551724137	109.1186713256885
1.6551724137931034	96.02394500130656
1.6896551724137931	84.49537803940572
1.7241379310344827	74.39036378845903
1.7586206896551724	65.46526035761445
1.793103448275862	57.628047531662276
1.8275862068965516	50.67957158088584
1.8620689655172413	44.54884549348444
1.896551724137931	39.11750924052028
1.9310344827586206	34.31128936554121
1.9655172413793103	30.030862590211438
2.0	26.2536398234774

Line 19:
X	Y
1.0	3709.5923950903134
1.0344827586206897	3048.27356410423
1.0689655172413792	2509.662417919405
1.103448275862069	2070.596746903292
1.1379310344827587	1710.7374489467481
1.1724137931034484	1414.380961006903
1.206896551724138	1169.9256328864637
1.2413793103448276	967.1369979425713
1.2758620689655173	798.0327815344098
1.3103448275862069	656.388826793222
1.3448275862068966	538.5812522087814
1.3793103448275863	440.5709901445439
1.4137931034482758	359.97658223017817
1.4482758620689655	294.28553579033803
1.4827586206896552	240.45316888320662
1.5172413793103448	196.71656354427378
1.5517241379310345	161.0772944017152
1.5862068965517242	131.96659713360597
1.6206896551724137	108.17826704237102
1.6551724137931034	88.7724910755787
1.6896551724137931	72.7770607265048
1.7241379310344827	59.68296276618856
1.7586206896551724	48.857948412504996
1.793103448275862	39.94447180829728
1.8275862068965516	32.55618466693585
1.8620689655172413	26.433967237232082
1.896551724137931	21.362767979359536
1.9310344827586206	17.127298961366613
1.9655172413793103	13.559370066784766
2.0	10.515490469909217

Line 20:
X	Y
1.0	2193.4543511788183
1.0344827586206897	1827.533156530493
1.0689655172413792	1530.5355242116943
1.103448275862069	1287.4389020778724
1.1379310344827587	1087.431705669458
1.1724137931034484	922.4603784877619
1.206896551724138	785.1761812426423
1.2413793103448276	670.5937927679198
1.2758620689655173	574.4763634127837
1.3103448275862069	493.46545229795714
1.3448275862068966	425.0111468746759
1.3793103448275863	366.98512841341034
1.4137931034482758	317.4858340450565
1.4482758620689655	275.2919474986833
1.4827586206896552	239.04887830459484
1.5172413793103448	207.92033932705448
1.5517241379310345	181.1376759677254
1.5862068965517242	157.95585553953566
1.6206896551724137	137.89265349158558
1.6551724137931034	120.44592329083653
1.6896551724137931	105.28420353173902
1.7241379310344827	92.06767684199642
1.7586206896551724	80.49244660720937
1.793103448275862	70.36086480438165
1.8275862068965516	61.457607015302564
1.8620689655172413	53.64086574580417
1.896551724137931	46.73039884141042
1.9310344827586206	40.636910339649816
1.9655172413793103	35.23801088277646
2.0	30.46006297475217

Line 21:
X	Y
1.0	1978.955287100311
1.0344827586206897	1637.9946266169272
1.0689655172413792	1360.9322413896919
1.103448275862069	1135.502754646725
1.1379310344827587	951.5693594398969
1.1724137931034484	799.9592455369857
1.206896551724138	674.5904550579639
1.2413793103448276	570.5199660277491
1.2758620689655173	483.90849044721415
1.3103448275862069	411.2204757900082
1.3448275862068966	350.2779548218367
1.3793103448275863	298.87841850979754
1.4137931034482758	255.40163024799207
1.4482758620689655	218.6126296503512
1.4827586206896552	187.28723512777583
1.5172413793103448	160.64152935188505
1.5517241379310345	137.8505055778963
1.5862068965517242	118.36184609934654
1.6206896551724137	101.59664268384059
1.6551724137931034	87.25431642438646
1.6896551724137931	74.89340264570218
1.7241379310344827	64.25487112938373
1.7586206896551724	55.03555078013111
1.793103448275862	47.100971035972734
1.8275862068965516	40.22118758777476
1.8620689655172413	34.29314096329393
1.896551724137931	29.133069053959932
1.9310344827586206	24.678105049230396
1.9655172413793103	20.816445609320244
2.0	17.46299540154181

Line 22:
X	Y
1.0	3522.8397205460415
1.0344827586206897	2905.7321008560516
1.0689655172413792	2408.5219827184446
1.103448275862069	2005.2030245201722
1.1379310344827587	1676.6882252719129
1.1724137931034484	1407.9308806091406
1.206896551724138	1187.008386786612
1.2413793103448276	1004.4135988373289
1.2758620689655173	852.8437192038307
1.3103448275862069	726.2729527884259
1.3448275862068966	620.5510789149156
1.3793103448275863	531.6085677395558
1.4137931034482758	456.5958812422468
1.4482758620689655	393.0469230852085
1.4827586206896552	339.0652440397804
1.5172413793103448	293.11908082939146
1.5517241379310345	253.8412453022278
1.5862068965517242	220.18305510117153
1.6206896551724137	191.2124264571528
1.6551724137931034	166.325314898721
1.6896551724137931	144.81380233842867
1.7241379310344827	126.2245977840296
1.7586206896551724	110.09586104754244
1.793103448275862	96.06259778708208
1.8275862068965516	83.8539638669123
1.8620689655172413	73.20130139085991
1.896551724137931	63.87225361716154
1.9310344827586206	55.71763595897681
1.9655172413793103	48.50823983784431
2.0	42.17432804679453

Line 23:
X	Y
1.0	1675.6408992352372
1.0344827586206897	1409.1550203689774
1.0689655172413792	1190.2631843883933
1.103448275862069	1009.7065326934465
1.1379310344827587	859.6954027585459
1.1724137931034484	734.6618064544269
1.206896551724138	629.9523845375795
1.2413793103448276	541.6802604187461
1.2758620689655173	467.01750836605777
1.3103448275862069	403.5946968990914
1.3448275862068966	349.61063789306877
1.3793103448275863	303.5669809831795
1.4137931034482758	263.965675396463
1.4482758620689655	229.9670446096271
1.4827586206896552	200.65097341375514
1.5172413793103448	175.29196786823604
1.5517241379310345	153.30104065449692
1.5862068965517242	134.15991375302872
1.6206896551724137	117.49064036817651
1.6551724137931034	102.9197586562202
1.6896551724137931	90.16230693331961
1.7241379310344827	78.98401934844443
1.7586206896551724	69.11473325183549
1.793103448275862	60.427481801990496
1.8275862068965516	52.718505761065025
1.8620689655172413	45.89320761859261
1.896551724137931	39.791362182922484
1.9310344827586206	34.33016695934708
1.9655172413793103	29.37377951836086
2.0	24.718626731225687

Line 24:
X	Y
1.0	1752.6915965498783
1.0344827586206897	1481.3097616094824
1.0689655172413792	1257.7754251323768
1.103448275862069	1072.2669342294355
1.1379310344827587	917.6514881997814
1.1724137931034484	788.2638816810743
1.206896551724138	679.3565439864839
1.2413793103448276	587.1937008875306
1.2758620689655173	509.0624394929789
1.3103448275862069	442.31611925479615
1.3448275862068966	385.27748181091465
1.3793103448275863	336.4294522986236
1.4137931034482758	294.32406347820046
1.4482758620689655	258.00895791663635
1.4827586206896552	226.54371934167636
1.5172413793103448	199.24344188456206
1.5517241379310345	175.53905947801223
1.5862068965517242	154.80129498096667
1.6206896551724137	136.71081453005544
1.6551724137931034	120.87052874397538
1.6896551724137931	106.96324985174827
1.7241379310344827	94.76268108499853
1.7586206896551724	83.99180949395412
1.793103448275862	74.49420413539336
1.8275862068965516	66.08970068965954
1.8620689655172413	58.66803388197815
1.896551724137931	52.07761013692275
1.9310344827586206	46.21642408448779
1.9655172413793103	41.00835670196606
2.0	36.37239132262516

Line 25:
X	Y
1.0	3185.7509230186038
1.0344827586206897	2625.9423498300193
1.0689655172413792	2174.820618168997
1.103448275862069	1809.150637019167
1.1379310344827587	1511.6404943829616
1.1724137931034484	1267.8056576851538
1.206896551724138	1067.2420438421714
1.2413793103448276	901.3911187730904
1.2758620689655173	763.6856331931145
1.3103448275862069	648.7790893598934
1.3448275862068966	552.8100777768248
1.3793103448275863	472.10234450997064
1.4137931034482758	404.0205545209988
1.4482758620689655	346.4063540770208
1.4827586206896552	297.59719726976726
1.5172413793103448	256.04882954048895
1.5517241379310345	220.6028169687186
1.5862068965517242	190.30120077256828
1.6206896551724137	164.2794353557042
1.6551724137931034	141.9448105204263
1.6896551724137931	122.66194572875033
1.7241379310344827	106.03183687119915
1.7586206896551724	91.63749216857188
1.793103448275862	79.1337176426132
1.8275862068965516	68.26912648890944
1.8620689655172413	58.811867440859274
1.896551724137931	50.549834622269465
1.9310344827586206	43.33525779514516
1.9655172413793103	37.00464580872525
2.0	31.46293823121879

Line 26:
X	Y
1.0	2206.5470782626453
1.0344827586206897	1832.362844780596
1.0689655172413792	1529.427044549409
1.103448275862069	1282.3321073356003
1.1379310344827587	1079.3266455355397
1.1724137931034484	912.4163841793902
1.206896551724138	773.8940084444747
1.2413793103448276	658.4109602798368
1.2758620689655173	561.9655072916734
1.3103448275862069	480.8207312091142
1.3448275862068966	412.47519777013724
1.3793103448275863	354.69846912828996
1.4137931034482758	305.5691340516435
1.4482758620689655	263.69569863436976
1.4827586206896552	227.96092339838543
1.5172413793103448	197.3094389269948
1.5517241379310345	170.97076841937113
1.5862068965517242	148.26345836473504
1.6206896551724137	128.59303913374856
1.6551724137931034	111.62242566841095
1.6896551724137931	96.86434176013685
1.7241379310344827	84.0271047040216
1.7586206896551724	72.83925294713384
1.793103448275862	63.083038722385815
1.8275862068965516	54.51245212041644
1.8620689655172413	47.01102147598239
1.896551724137931	40.40065037015799
1.9310344827586206	34.58807913734621
1.9655172413793103	29.459095323032553
2.0	24.924044213710552

Line 27:
X	Y
1.0	2053.614196108644
1.0344827586206897	1720.5362191036909
1.0689655172413792	1448.7581906525504
1.103448275862069	1225.2491370063983
1.1379310344827587	1040.6457729987528
1.1724137931034484	887.3025573465917
1.206896551724138	759.3418987724041
1.2413793103448276	651.8947365906303
1.2758620689655173	561.4674950186402
1.3103448275862069	484.7131983406277
1.3448275862068966	419.68227658019373
1.3793103448275863	364.2004346523085
1.4137931034482758	316.74395416579836
1.4482758620689655	275.99767974922617
1.4827586206896552	241.0036942850733
1.5172413793103448	210.78040311011253
1.5517241379310345	184.6398547854769
1.5862068965517242	161.9202204457225
1.6206896551724137	142.20792603089285
1.6551724137931034	125.01600454060281
1.6896551724137931	110.01572432950425
1.7241379310344827	96.90210173187272
1.7586206896551724	85.38447875178984
1.793103448275862	75.2818142001819
1.8275862068965516	66.35880050375216
1.8620689655172413	58.536906393814995
1.896551724137931	51.59744611377578
1.9310344827586206	45.47347710569319
1.9655172413793103	40.04406089986955
2.0	35.223966397884496

Line 28:
X	Y
1.0	2085.5190615340143
1.0344827586206897	1745.024558890314
1.0689655172413792	1467.7125275866138
1.103448275862069	1239.8024171348359
1.1379310344827587	1051.883494586764
1.1724137931034484	895.912509549372
1.206896551724138	765.7824978445419
1.2413793103448276	656.8035359171404
1.2758620689655173	564.9989143522344
1.3103448275862069	487.29801440484243
1.3448275862068966	421.5164129297975
1.3793103448275863	365.37295182316257
1.4137931034482758	317.4695841145657
1.4482758620689655	276.39824714834293
1.4827586206896552	241.05497779339763
1.5172413793103448	210.62325865647728
1.5517241379310345	184.27882235793388
1.5862068965517242	161.47827725924026
1.6206896551724137	141.64640973009003
1.6551724137931034	124.38004656184108
1.6896551724137931	109.32004250916164
1.7241379310344827	96.15702270965728
1.7586206896551724	84.5982078077913
1.793103448275862	74.46804957423541
1.8275862068965516	65.5268416035446
1.8620689655172413	57.67142026836498
1.896551724137931	50.70961707797336
1.9310344827586206	44.5529668893067
1.9655172413793103	39.08339665067019
2.0	34.22653456668539

Line 29:
X	Y
1.0	3712.7910010911974
1.0344827586206897	3056.777006631501
1.0689655172413792	2524.860793218525
1.103448275862069	2092.868710574917
1.1379310344827587	1741.0536790153856
1.1724137931034484	1452.559897481534
1.206896551724138	1215.0184830762976
1.2413793103448276	1019.1374340124682
1.2758620689655173	856.6966597617298
1.3103448275862069	721.7491054921273
1.3448275862068966	609.2668191409269
1.3793103448275863	515.198221117539
1.4137931034482758	436.31245943445873
1.4482758620689655	369.9415536512483
1.4827586206896552	313.8960642495307
1.5172413793103448	266.58853693284334
1.5517241379310345	226.53434827837478
1.5862068965517242	192.51275199905666
1.6206896551724137	163.5711837259132
1.6551724137931034	138.932390198502
1.6896551724137931	117.89121570800575
1.7241379310344827	99.92490500503614
1.7586206896551724	84.5436571073063
1.793103448275862	71.34756784457866
1.8275862068965516	60.01737397241623
1.8620689655172413	50.30792207403037
1.896551724137931	41.93005748960809
1.9310344827586206	34.73527947523335
1.9655172413793103	28.49984548581373
2.0	23.171637889200984

Line 30:
X	Y
1.0	2096.383974828488
1.0344827586206897	1760.328385747101
1.0689655172413792	1485.727639575566
1.103448275862069	1259.8630397530796
1.1379310344827587	1072.5988647825297
1.1724137931034484	916.8776159127453
1.206896551724138	786.6932176887206
1.2413793103448276	677.2562640114113
1.2758620689655173	584.8435151124779
1.3103448275862069	506.2920117137935
1.3448275862068966	439.64847433663834
1.3793103448275863	382.6516154948759
1.4137931034482758	333.75038479819796
1.4482758620689655	291.7318294532302
1.4827586206896552	255.48929916329192
1.5172413793103448	224.19620998791783
1.5517241379310345	197.0521268373395
1.5862068965517242	173.4273969954451
1.6206896551724137	152.82810903858777
1.6551724137931034	134.8723813841808
1.6896551724137931	119.16552271894157
1.7241379310344827	105.39413420490511
1.7586206896551724	93.27414023025847
1.793103448275862	82.63838964902308
1.8275862068965516	73.24990363327116
1.8620689655172413	64.95456018537641
1.896551724137931	57.617125384852734
1.9310344827586206	51.135757133341286
1.9655172413793103	45.3748589052592
2.0	40.261547008662845

Line 31:
X	Y
1.0	3965.074242188369
1.0344827586206897	3269.2680373535577
1.0689655172413792	2707.0855719286624
1.103448275862069	2251.298964987003
1.1379310344827587	1879.9198626073228
1.1724137931034484	1576.8472200331285
1.206896551724138	1327.7574508655011
1.2413793103448276	1122.0945707819349
1.2758620689655173	951.6625389906528
1.3103448275862069	809.8555456046944
1.3448275862068966	691.4133058693994
1.3793103448275863	592.2088002773386
1.4137931034482758	508.4349423859154
1.4482758620689655	437.5517734306859
1.4827586206896552	377.62071624672615
1.5172413793103448	326.53181988837156
1.5517241379310345	282.9426714309694
1.5862068965517242	245.60968605008907
1.6206896551724137	213.54925548518244
1.6551724137931034	185.952424974721
1.6896551724137931	162.14911309423778
1.7241379310344827	141.59786723707816
1.7586206896551724	123.74742193436938
1.793103448275862	108.26222245189244
1.8275862068965516	94.77946584807376
1.8620689655172413	83.01208676782903
1.896551724137931	72.75981932170951
1.9310344827586206	63.781838165105164
1.9655172413793103	55.89099508635609
2.0	48.97931742168138

Line 32:
X	Y
1.0	4047.222448443888
1.0344827586206897	3334.995453521416
1.0689655172413792	2756.8324907337333
1.103448275862069	2286.879056624708
1.1379310344827587	1903.297212270323
1.1724137931034484	1589.1578336751813
1.206896551724138	1330.5674635075104
1.2413793103448276	1116.732225534631
1.2758620689655173	939.8855545295552
1.3103448275862069	793.0238045235457
1.3448275862068966	670.5426654921379
1.3793103448275863	568.2377048864669
1.4137931034482758	482.231984657189
1.4482758620689655	409.9505660173587
1.4827586206896552	348.99601649400455
1.5172413793103448	297.4189046125775
1.5517241379310345	253.7359536818507
1.5862068965517242	216.64750198443448
1.6206896551724137	184.98038583245494
1.6551724137931034	158.0327639731997
1.6896551724137931	134.91428135927384
1.7241379310344827	115.16766892256625
1.7586206896551724	98.14176520461459
1.793103448275862	83.49852077918725
1.8275862068965516	70.86525019091293
1.8620689655172413	59.965189740516664
1.896551724137931	50.49229722033827
1.9310344827586206	42.28193632841997
1.9655172413793103	35.089427761581874
2.0	28.830005048260485

Line 33:
X	Y
1.0	3029.3737435209
1.0344827586206897	2512.5238135290656
1.0689655172413792	2095.5512713235357
1.103448275862069	1756.0901331262532
1.1379310344827587	1479.4775196202772
1.1724137931034484	1252.2921446367216
1.206896551724138	1063.8694958977078
1.2413793103448276	907.7954687410912
1.2758620689655173	777.152211077417
1.3103448275862069	667.5299870935313
1.3448275862068966	575.1482478050245
1.3793103448275863	497.2253867463871
1.4137931034482758	430.79396864157184
1.4482758620689655	374.2031977951159
1.4827586206896552	325.7926565385326
1.5172413793103448	284.23899402629615
1.5517241379310345	248.5770074726365
1.5862068965517242	217.67520928921658
1.6206896551724137	190.93452782922222
1.6551724137931034	167.75084475957794
1.6896551724137931	147.60512551832122
1.7241379310344827	130.02718666939325
1.7586206896551724	114.61956421123203
1.793103448275862	101.22145990314169
1.8275862068965516	89.4026118967673
1.8620689655172413	79.05467551671056
1.896551724137931	69.95814562855921
1.9310344827586206	61.93462517135463
1.9655172413793103	54.84534900778282
2.0	48.5732204034663

Line 34:
X	Y
1.0	2184.4572465009073
1.0344827586206897	1827.0807205357278
1.0689655172413792	1536.3994822199354
1.103448275862069	1297.4915334280263
1.1379310344827587	1100.8680339120767
1.1724137931034484	937.5418282903732
1.206896551724138	801.4327430753478
1.2413793103448276	687.4154788844818
1.2758620689655173	591.629050603437
1.3103448275862069	510.4007261860882
1.3448275862068966	441.66465488698213
1.3793103448275863	383.0669933539639
1.4137931034482758	333.0044100418717
1.4482758620689655	290.0975596811007
1.4827586206896552	253.19909431253055
1.5172413793103448	221.39887847836263
1.5517241379310345	193.882966192889
1.5862068965517242	170.03071236158874
1.6206896551724137	149.30404685713665
1.6551724137931034	131.28116202668917
1.6896551724137931	115.53165949051433
1.7241379310344827	101.77528463525132
1.7586206896551724	89.70114574828519
1.793103448275862	79.12611735525971
1.8275862068965516	69.78870717371922
1.8620689655172413	61.58678606087857
1.896551724137931	54.32796629140863
1.9310344827586206	47.91253779675993
1.9655172413793103	42.207469428979266
2.0	37.155916400117356

Line 35:
X	Y
1.0	2803.23403067444
1.0344827586206897	2324.011202837307
1.0689655172413792	1937.0377191358527
1.103448275862069	1622.884394398596
1.1379310344827587	1365.7993747915818
1.1724137931034484	1154.7648596337967
1.206896551724138	979.9889539935771
1.2413793103448276	834.8221873888549
1.2758620689655173	713.5140755784723
1.3103448275862069	611.7260978384553
1.3448275862068966	526.1133022848003
1.3793103448275863	453.66508091523804
1.4137931034482758	392.0385508440928
1.4482758620689655	339.6445443261683
1.4827586206896552	294.8875768368287
1.5172413793103448	256.4403060427468
1.5517241379310345	223.469154131342
1.5862068965517242	195.03874673325467
1.6206896551724137	170.43620928158626
1.6551724137931034	149.1482223133753
1.6896551724137931	130.63936767159734
1.7241379310344827	114.56541807637117
1.7586206896551724	100.54260224894092
1.793103448275862	88.2901224367654
1.8275862068965516	77.55450823464689
1.8620689655172413	68.15523225421397
1.896551724137931	59.877617695752434
1.9310344827586206	52.59852970245495
1.9655172413793103	46.15597939927011
2.0	40.45923336251723

Line 36:
X	Y
1.0	3542.171569499265
1.0344827586206897	2920.268963012753
1.0689655172413792	2418.0867846157166
1.103448275862069	2010.6432558602603
1.1379310344827587	1679.0251002405744
1.1724137931034484	1408.0344880880336
1.206896551724138	1184.8774048694713
1.2413793103448276	1000.6354915623921
1.2758620689655173	847.7134188996624
1.3103448275862069	720.3515805333391
1.3448275862068966	613.8406595645267
1.3793103448275863	524.5116858762992
1.4137931034482758	449.29021899534416
1.4482758620689655	385.5549337231176
1.4827586206896552	331.5847736056959
1.5172413793103448	285.68122829369946
1.5517241379310345	246.53171836016847
1.5862068965517242	213.05306359204366
1.6206896551724137	184.33982967073288
1.6551724137931034	159.683342153739
1.6896551724137931	138.41013044313223
1.7241379310344827	120.08278019879516
1.7586206896551724	104.20276157062341
1.793103448275862	90.4163362631462
1.8275862068965516	78.44039833173365
1.8620689655172413	68.00661381066595
1.896551724137931	58.882691804783754
1.9310344827586206	50.916761781449694
1.9655172413793103	43.90385323983009
2.0	37.75000773280379

Line 37:
X	Y
1.0	3045.8384112103217
1.0344827586206897	2523.0141117753246
1.0689655172413792	2101.59936160846
1.103448275862069	1759.5990602335694
1.1379310344827587	1480.5220556749127
1.1724137931034484	1251.0361828916657
1.206896551724138	1061.6439350173455
1.2413793103448276	904.3709546001623
1.2758620689655173	773.0506112766585
1.3103448275862069	663.0445097464387
1.3448275862068966	570.3308210115796
1.3793103448275863	492.1694756848828
1.4137931034482758	425.7298405047073
1.4482758620689655	369.1572588712475
1.4827586206896552	320.80344068669206
1.5172413793103448	279.36586727598376
1.5517241379310345	243.73591155297262
1.5862068965517242	213.07048377535347
1.6206896551724137	186.49607072108324
1.6551724137931034	163.49972833728282
1.6896551724137931	143.52686402386968
1.7241379310344827	126.13848409900332
1.7586206896551724	110.97182845311058
1.793103448275862	97.73524791072899
1.8275862068965516	86.09336354196999
1.8620689655172413	75.93622137462495
1.896551724137931	66.98401021400066
1.9310344827586206	59.120841721749194
1.9655172413793103	52.171573359091525
2.0	46.03364786211829

Line 38:
X	Y
1.0	1259.7921313273084
1.0344827586206897	1062.1277676533002
1.0689655172413792	898.7069479748259
1.103448275862069	762.5953348531223
1.1379310344827587	649.7900042221074
1.1724137931034484	555.200854495109
1.206896551724138	475.5399830602804
1.2413793103448276	408.4634519031548
1.2758620689655173	351.5185059677146
1.3103448275862069	302.8131891210911
1.3448275862068966	261.5809207984041
1.3793103448275863	226.13040194292216
1.4137931034482758	195.8333527133686
1.4482758620689655	169.78252066127288
1.4827586206896552	147.28111532120133
1.5172413793103448	127.86996312567783
1.5517241379310345	111.07305854919322
1.5862068965517242	96.48216067068401
1.6206896551724137	83.80255697720803
1.6551724137931034	72.76978447688222
1.6896551724137931	63.126257767371015
1.7241379310344827	54.74998443886753
1.7586206896551724	47.380789938103966
1.793103448275862	40.980957577509514
1.8275862068965516	35.342684990598606
1.8620689655172413	30.42640954828347
1.896551724137931	26.069155330193443
1.9310344827586206	22.27518546361052
1.9655172413793103	18.92835461984104
2.0	15.983087732986824

Line 39:
X	Y
1.0	3097.727352296531
1.0344827586206897	2559.3023171214136
1.0689655172413792	2125.743507440485
1.103448275862069	1773.8306207093028
1.1379310344827587	1487.127456548843
1.1724137931034484	1252.1815815950304
1.206896551724138	1058.4734912813572
1.2413793103448276	898.0362433954461
1.2758620689655173	764.3592068072188
1.3103448275862069	652.7039918165729
1.3448275862068966	558.9938432912705
1.3793103448275863	480.01408790935363
1.4137931034482758	413.2070223327052
1.4482758620689655	356.44762850869716
1.4827586206896552	308.14045239777624
1.5172413793103448	266.91738325653046
1.5517241379310345	231.57529577007358
1.5862068965517242	201.2362727343117
1.6206896551724137	175.07183702779116
1.6551724137931034	152.52868013903114
1.6896551724137931	133.0237954644539
1.7241379310344827	116.10390841004234
1.7586206896551724	101.37532319401419
1.793103448275862	88.59858715470736
1.8275862068965516	77.40415664537275
1.8620689655172413	67.6359514502399
1.896551724137931	59.063787135555685
1.9310344827586206	51.56073686881456
1.9655172413793103	44.94344633005609
2.0	39.11095832611871

Line 40:
X	Y
1.0	1607.4550164786817
1.0344827586206897	1360.1888199440748
1.0689655172413792	1155.9557188254144
1.103448275862069	985.9366878858491
1.1379310344827587	844.3650483916243
1.1724137931034484	725.5570593286783
1.206896551724138	625.4626895320523
1.2413793103448276	540.703353971911
1.2758620689655173	468.6571041960868
1.3103448275862069	407.1325547962715
1.3448275862068966	354.66170304133624
1.3793103448275863	309.470891664392
1.4137931034482758	270.61577059831853
1.4482758620689655	237.09959120824922
1.4827586206896552	208.01490252602275
1.5172413793103448	182.79494530555274
1.5517241379310345	160.858719125874
1.5862068965517242	141.727242885734
1.6206896551724137	124.97109236786986
1.6551724137931034	110.3210768313829
1.6896551724137931	97.4490809363408
1.7241379310344827	86.1338123056774
1.7586206896551724	76.15794842256193
1.793103448275862	67.35326314546005
1.8275862068965516	59.543808422136976
1.8620689655172413	52.63645454601728
1.896551724137931	46.4899207365144
1.9310344827586206	41.027448517483194
1.9655172413793103	36.15459532935755
2.0	31.80350972756469

Line 41:
X	Y
1.0	2322.7041759122626
1.0344827586206897	1930.418581401229
1.0689655172413792	1612.644339758801
1.103448275862069	1353.7836155043306
1.1379310344827587	1141.069728232778
1.1724137931034484	965.7515613450329
1.206896551724138	820.5018161280603
1.2413793103448276	699.321828742996
1.2758620689655173	597.9703429833734
1.3103448275862069	512.7129821935113
1.3448275862068966	440.6857888437458
1.3793103448275863	379.8184369449902
1.4137931034482758	327.9883028998292
1.4482758620689655	283.8355834794386
1.4827586206896552	245.99630558377132
1.5172413793103448	213.65352495320516
1.5517241379310345	185.76720548290302
1.5862068965517242	161.74396615827936
1.6206896551724137	140.93080534903922
1.6551724137931034	122.92193668288374
1.6896551724137931	107.26082359477833
1.7241379310344827	93.65064500144531
1.7586206896551724	81.76658729124777
1.793103448275862	71.3851978855944
1.8275862068965516	62.273672009104885
1.8620689655172413	54.3106904753833
1.896551724137931	47.29348595454635
1.9310344827586206	41.131727704817266
1.9655172413793103	35.69737989507338
2.0	30.906039529510817

Line 42:
X	Y
1.0	2427.2463315160303
1.0344827586206897	2014.8781527851695
1.0689655172413792	1681.1987729346315
1.103448275862069	1409.465881512839
1.1379310344827587	1186.6295031279374
1.1724137931034484	1003.3156391876619
1.206896551724138	851.5353755493013
1.2413793103448276	724.9706834320241
1.2758620689655173	619.3592837378344
1.3103448275862069	530.4708435241539
1.3448275862068966	455.47869818671626
1.3793103448275863	392.3080615047863
1.4137931034482758	338.43628591046706
1.4482758620689655	292.63077360521646
1.4827586206896552	253.42041969691246
1.5172413793103448	219.93715905369774
1.5517241379310345	191.09924907149747
1.5862068965517242	166.26726841277463
1.6206896551724137	144.77229151339276
1.6551724137931034	126.19382118138992
1.6896551724137931	110.05909545606109
1.7241379310344827	96.04183940161332
1.7586206896551724	83.81621079400259
1.793103448275862	73.16134078054488
1.8275862068965516	63.80901074792183
1.8620689655172413	55.63758900062544
1.896551724137931	48.460745051523894
1.9310344827586206	42.15248410973966
1.9655172413793103	36.59976511950417
2.0	31.715205829457098

Line 43:
X	Y
1.0	3447.077631973142
1.0344827586206897	2845.0755892496604
1.0689655172413792	2360.0997357980004
1.103448275862069	1966.9519245880867
1.1379310344827587	1647.2395350332179
1.1724137931034484	1385.1957950143462
1.206896551724138	1169.4348884763517
1.2413793103448276	991.198700524496
1.2758620689655173	843.1351458202746
1.3103448275862069	719.3523457021876
1.3448275862068966	615.8003590676682
1.3793103448275863	528.6754758012632
1.4137931034482758	454.97278147325164
1.4482758620689655	392.4812792019236
1.4827586206896552	339.35754003561294
1.5172413793103448	294.01973927130877
1.5517241379310345	255.2361668573137
1.5862068965517242	221.94156303275332
1.6206896551724137	193.23131781248347
1.6551724137931034	168.5077814198318
1.6896551724137931	147.1320805071141
1.7241379310344827	128.60873258564064
1.7586206896551724	112.49480638750607
1.793103448275862	98.50892378630284
1.8275862068965516	86.27349134788665
1.8620689655172413	75.61489872818812
1.896551724137931	66.27355877755612
1.9310344827586206	58.10021496648177
1.9655172413793103	50.89997941719036
2.0	44.58008079251263

Line 44:
X	Y
1.0	1642.7695551814495
1.0344827586206897	1390.6263604990784
1.0689655172413792	1182.2753745436967
1.103448275862069	1008.983236153064
1.1379310344827587	864.4292872177728
1.1724137931034484	743.1502941175145
1.206896551724138	640.912225342882
1.2413793103448276	554.3315187780728
1.2758620689655173	480.7528043702813
1.3103448275862069	417.88113859769936
1.3448275862068966	364.23321993736994
1.3793103448275863	318.09442548766305
1.4137931034482758	278.33437745879206
1.4482758620689655	244.01599290639564
1.4827586206896552	214.27145346053896
1.5172413793103448	188.4430510113257
1.5517241379310345	166.00431242149824
1.5862068965517242	146.38418062068808
1.6206896551724137	129.22603020899808
1.6551724137931034	114.21576509063766
1.6896551724137931	101.0203266821938
1.7241379310344827	89.43426644988496
1.7586206896551724	79.22147132771114
1.793103448275862	70.1856125336189
1.8275862068965516	62.19687984425523
1.8620689655172413	55.14050025216998
1.896551724137931	48.86318185986027
1.9310344827586206	43.291033077795014
1.9655172413793103	38.33918660470447
2.0	33.93140821250962

Line 45:
X	Y
1.0	3258.647895139203
1.0344827586206897	2684.4511734785
1.0689655172413792	2221.6642267686707
1.103448275862069	1845.9638162610652
1.1379310344827587	1540.8468309901878
1.1724137931034484	1290.5396174123239
1.206896551724138	1084.708925260631
1.2413793103448276	914.7228440166975
1.2758620689655173	773.7339335603347
1.3103448275862069	656.1894640297205
1.3448275862068966	557.9986852624577
1.3793103448275863	475.54164096851594
1.4137931034482758	406.1220850373157
1.4482758620689655	347.46521957863337
1.4827586206896552	297.79265210165534
1.5172413793103448	255.62584543225486
1.5517241379310345	219.69599086786727
1.5862068965517242	188.95478356521116
1.6206896551724137	162.63262134028085
1.6551724137931034	140.04489902048078
1.6896551724137931	120.57990594996134
1.7241379310344827	103.80259184923877
1.7586206896551724	89.30441009837902
1.793103448275862	76.69790985621766
1.8275862068965516	65.75772262992794
1.8620689655172413	56.24177066155315
1.896551724137931	47.91989362884977
1.9310344827586206	40.64358765815433
1.9655172413793103	34.233410253011606
2.0	28.576959783539532

Line 46:
X	Y
1.0	2396.5520184431384
1.0344827586206897	1985.4458145908827
1.0689655172413792	1653.137172065899
1.103448275862069	1382.8548454234144
1.1379310344827587	1161.7242759257374
1.1724137931034484	979.704830289121
1.206896551724138	829.2722068728596
1.2413793103448276	704.1638884457892
1.2758620689655173	599.8169414790653
1.3103448275862069	512.2319308832397
1.3448275862068966	438.5863982119018
1.3793103448275863	376.441635169004
1.4137931034482758	323.69912761830784
1.4482758620689655	278.8877296129588
1.4827586206896552	240.67054190148366
1.5172413793103448	207.96974815566625
1.5517241379310345	179.93305954314664
1.5862068965517242	155.83642716211773
1.6206896551724137	135.00673500463665
1.6551724137931034	117.03569802065331
1.6896551724137931	101.45780834311293
1.7241379310344827	87.94313952905321
1.7586206896551724	76.18322327489928
1.793103448275862	65.9455340249731
1.8275862068965516	56.98782677040655
1.8620689655172413	49.16287347698827
1.896551724137931	42.28942463222332
1.9310344827586206	36.27062651851442
1.9655172413793103	30.96938455141115
2.0	26.317648998431473

Line 47:
X	Y
1.0	1445.5820586273924
1.0344827586206897	1226.3559497978163
1.0689655172413792	1044.6436860783856
1.103448275862069	892.9691814911547
1.1379310344827587	765.9613042360768
1.1724137931034484	659.2359422455157
1.206896551724138	569.1154505523915
1.2413793103448276	492.6956117338397
1.2758620689655173	427.5117609520635
1.3103448275862069	371.75284578044744
1.3448275862068966	324.0544743175354
1.3793103448275863	283.03078383546324
1.4137931034482758	247.61341106520052
1.4482758620689655	216.98253384003272
1.4827586206896552	190.44074455831034
1.5172413793103448	167.37290394456355
1.5517241379310345	147.25783868497257
1.5862068965517242	129.7073740587207
1.6206896551724137	114.30475100856418
1.6551724137931034	100.83206163502348
1.6896551724137931	88.95843439322641
1.7241379310344827	78.50736082948508
1.7586206896551724	69.26734596585489
1.793103448275862	61.12461109925928
1.8275862068965516	53.87009531772209
1.8620689655172413	47.461689356961884
1.896551724137931	41.726102936807315
1.9310344827586206	36.620126077741254
1.9655172413793103	32.03071664540984
2.0	27.90596178252093

Line 48:
X	Y
1.0	1952.2747071259591
1.0344827586206897	1635.688705057943
1.0689655172413792	1376.9755877845998
1.103448275862069	1164.5015729050763
1.1379310344827587	988.6094146224418
1.1724137931034484	842.6889080046788
1.206896551724138	720.7017352087499
1.2413793103448276	618.4566227112917
1.2758620689655173	532.1732835319178
1.3103448275862069	459.1601684120314
1.3448275862068966	397.19470895304977
1.3793103448275863	344.371157775912
1.4137931034482758	299.1986391435295
1.4482758620689655	260.4336553572297
1.4827586206896552	227.12470714786525
1.5172413793103448	198.34827805444232
1.5517241379310345	173.5208656065017
1.5862068965517242	151.92820065258306
1.6206896551724137	133.1991775588633
1.6551724137931034	116.86436606043199
1.6896551724137931	102.62205579189316
1.7241379310344827	90.18164650671142
1.7586206896551724	79.2387287765719
1.793103448275862	69.65949295259267
1.8275862068965516	61.20620369455027
1.8620689655172413	53.78469796379687
1.896551724137931	47.21574733461491
1.9310344827586206	41.420050111381194
1.9655172413793103	36.28616204768549
2.0	31.731400253780983

Line 49:
X	Y
1.0	1911.062029257287
1.0344827586206897	1566.1099577353993
1.0689655172413792	1288.8033765471484
1.103448275862069	1064.0296376904307
1.1379310344827587	881.8294461748353
1.1724137931034484	733.0328529082257
1.206896551724138	610.9892228710527
1.2413793103448276	510.980783718978
1.2758620689655173	428.4488454985617
1.3103448275862069	359.8753308873022
1.3448275862068966	303.06132271508005
1.3793103448275863	255.6639807113777
1.4137931034482758	216.02888042111684
1.4482758620689655	182.79641980094553
1.4827586206896552	154.88947199877882
1.5172413793103448	131.38870900860428
1.5517241379310345	111.50404437362522
1.5862068965517242	94.70779597103333
1.6206896551724137	80.4059269063903
1.6551724137931034	68.3202286104615
1.6896551724137931	57.98053115466197
1.7241379310344827	49.19977765457065
1.7586206896551724	41.67568292845614
1.793103448275862	35.248553610194186
1.8275862068965516	29.75429406390226
1.8620689655172413	25.03360187131089
1.896551724137931	20.99787774439876
1.9310344827586206	17.531235060485216
1.9655172413793103	14.538524964830279
2.0	11.920634962007343

Line 50:
X	Y
1.0	3261.038086699594
1.0344827586206897	2686.5891684329486
1.0689655172413792	2223.8925697389054
1.103448275862069	1847.542347971931
1.1379310344827587	1542.0540430864764
1.1724137931034484	1291.781219238231
1.206896551724138	1085.570247299266
1.2413793103448276	915.5425311333111
1.2758620689655173	774.3956382521465
1.3103448275862069	656.700002709403
1.3448275862068966	558.3850200312579
1.3793103448275863	475.888576478835
1.4137931034482758	406.4177022832926
1.4482758620689655	347.7190138251472
1.4827586206896552	298.00265912434753
1.5172413793103448	255.78685640986262
1.5517241379310345	219.81167680614223
1.5862068965517242	189.0905386432992
1.6206896551724137	162.78416610249883
1.6551724137931034	140.21397309342564
1.6896551724137931	120.77397276430261
1.7241379310344827	104.0899236919445
1.7586206896551724	89.65317700576195
1.793103448275862	77.1663947634079
1.8275862068965516	66.34195156076515
1.8620689655172413	56.9602215742411
1.896551724137931	48.800888030975706
1.9310344827586206	41.7083619790976
1.9655172413793103	35.52872036673905
2.0	30.140092770702758

Line 51:
X	Y
1.0	860.6912385583863
1.0344827586206897	713.5837865011221
1.0689655172413792	594.4813617619774
1.103448275862069	497.2331583026273
1.1379310344827587	417.31136605537785
1.1724137931034484	351.14397446779407
1.206896551724138	296.36081918734266
1.2413793103448276	251.00481568440804
1.2758620689655173	212.87812549208297
1.3103448275862069	180.66855425404634
1.3448275862068966	154.0685435932846
1.3793103448275863	131.45203219328528
1.4137931034482758	112.19254909505031
1.4482758620689655	95.98049234813968
1.4827586206896552	82.06363784278095
1.5172413793103448	70.38358617362364
1.5517241379310345	60.30785339234371
1.5862068965517242	51.64780052254342
1.6206896551724137	44.22501620686181
1.6551724137931034	37.8774657131125
1.6896551724137931	32.40320394673349
1.7241379310344827	27.701047677924137
1.7586206896551724	23.597442987690055
1.793103448275862	20.087303169855584
1.8275862068965516	17.003718342958123
1.8620689655172413	14.369393375798696
1.896551724137931	12.050026632430862
1.9310344827586206	10.01816897486694
1.9655172413793103	8.227101114419698
2.0	6.625561918184784

Line 52:
X	Y
1.0	1872.3393236822424
1.0344827586206897	1577.1090891232657
1.0689655172413792	1334.3625251297378
1.103448275862069	1133.7869322136607
1.1379310344827587	967.5846329350823
1.1724137931034484	828.5832661913091
1.206896551724138	711.9529495468374
1.2413793103448276	613.7577905978007
1.2758620689655173	530.627693578951
1.3103448275862069	459.9121124283112
1.3448275862068966	399.6874642109738
1.3793103448275863	348.1514372513448
1.4137931034482758	303.8788242105511
1.4482758620689655	265.73453198269635
1.4827586206896552	232.84907171548818
1.5172413793103448	204.3222689208504
1.5517241379310345	179.6133254431633
1.5862068965517242	158.07714871630893
1.6206896551724137	139.29212921035946
1.6551724137931034	122.89256634275199
1.6896551724137931	108.52125638855347
1.7241379310344827	95.93303485940272
1.7586206896551724	84.84037995683802
1.793103448275862	75.08536447417504
1.8275862068965516	66.44106952563428
1.8620689655172413	58.85184977504864
1.896551724137931	52.10769929818817
1.9310344827586206	46.137369392158426
1.9655172413793103	40.83567009082124
2.0	36.12541423513035

Line 53:
X	Y
1.0	4022.2650958300733
1.0344827586206897	3313.011255378141
1.0689655172413792	2738.603963456808
1.103448275862069	2269.7025981259367
1.1379310344827587	1886.9273626019535
1.1724137931034484	1573.387540645136
1.206896551724138	1314.5454271619635
1.2413793103448276	1101.2373526853876
1.2758620689655173	924.1083753409238
1.3103448275862069	777.2964050582759
1.3448275862068966	654.9130290135215
1.3793103448275863	552.6983054595136
1.4137931034482758	467.05209242418107
1.4482758620689655	394.85994269792644
1.4827586206896552	334.0453607220155
1.5172413793103448	282.71567830123195
1.5517241379310345	239.26850268012257
1.5862068965517242	202.4895306803035
1.6206896551724137	171.1956219849544
1.6551724137931034	144.5861195837365
1.6896551724137931	121.87649847391745
1.7241379310344827	102.50529220446596
1.7586206896551724	85.89563267959687
1.793103448275862	71.70773662290198
1.8275862068965516	59.538370625102125
1.8620689655172413	49.06067859932881
1.896551724137931	40.018305669958046
1.9310344827586206	32.17916268397855
1.9655172413793103	25.318572902360632
2.0	19.120690825394487

Line 54:
X	Y
1.0	2565.030004856453
1.0344827586206897	2134.5391855354196
1.0689655172413792	1786.0186111734388
1.103448275862069	1501.7758844038021
1.1379310344827587	1268.660059074918
1.1724137931034484	1076.3090677042794
1.206896551724138	916.7306654266054
1.2413793103448276	783.5381872728009
1.2758620689655173	672.100092838904
1.3103448275862069	578.2599870546603
1.3448275862068966	498.9474744839606
1.3793103448275863	431.6160169381616
1.4137931034482758	374.2793476519307
1.4482758620689655	325.30438061150335
1.4827586206896552	283.33090768689806
1.5172413793103448	247.21384134209677
1.5517241379310345	216.08980027380386
1.5862068965517242	189.20226966382432
1.6206896551724137	165.8737828245207
1.6551724137931034	145.63949209634964
1.6896551724137931	127.97504449806887
1.7241379310344827	112.6141445874689
1.7586206896551724	99.16090051469385
1.793103448275862	87.39102444256822
1.8275862068965516	77.04941402721799
1.8620689655172413	67.97416684358392
1.896551724137931	59.96893285847889
1.9310344827586206	52.92119453047358
1.9655172413793103	46.673040644032746
2.0	41.15430740952756

Line 55:
X	Y
1.0	2903.878555481595
1.0344827586206897	2404.3602161842746
1.0689655172413792	2001.6050389946531
1.103448275862069	1674.721207649151
1.1379310344827587	1407.655683088449
1.1724137931034484	1188.379827422845
1.206896551724138	1007.2446607481686
1.2413793103448276	856.8588883743147
1.2758620689655173	731.3681323480292
1.3103448275862069	626.3009255753833
1.3448275862068966	537.9407271238497
1.3793103448275863	463.2522005907515
1.4137931034482758	399.8482386666984
1.4482758620689655	345.9829629823067
1.4827586206896552	299.9501244703538
1.5172413793103448	260.53684773770703
1.5517241379310345	226.7709695789384
1.5862068965517242	197.65001625802884
1.6206896551724137	172.48768327880063
1.6551724137931034	150.74952558405738
1.6896551724137931	131.86250915281633
1.7241379310344827	115.4931910725687
1.7586206896551724	101.21239741491867
1.793103448275862	88.7551451476084
1.8275862068965516	77.84220568265036
1.8620689655172413	68.29467360852003
1.896551724137931	59.908446611501454
1.9310344827586206	52.54622066726545
1.9655172413793103	46.04182934247172
2.0	40.315418680611636

Line 56:
X	Y
1.0	3993.4082479107115
1.0344827586206897	3291.2396297357127
1.0689655172413792	2722.136203315265
1.103448275862069	2260.3069396403503
1.1379310344827587	1883.346992185505
1.1724137931034484	1574.8251852432925
1.206896551724138	1321.466408435261
1.2413793103448276	1112.1981007507145
1.2758620689655173	938.9672160337282
1.3103448275862069	794.7135252236043
1.3448275862068966	674.631953419937
1.3793103448275863	574.1951618475978
1.4137931034482758	489.72762363927427
1.4482758620689655	418.5065279462852
1.4827586206896552	358.36491514063624
1.5172413793103448	307.3253771510514
1.5517241379310345	263.96165162199196
1.5862068965517242	227.03718279040257
1.6206896551724137	195.4409143707512
1.6551724137931034	168.4373036438194
1.6896551724137931	145.24602722335615
1.7241379310344827	125.3099664804422
1.7586206896551724	108.10856721211532
1.793103448275862	93.22142718095402
1.8275862068965516	80.33024191537305
1.8620689655172413	69.15107353645276
1.896551724137931	59.3854653568011
1.9310344827586206	50.87944727904686
1.9655172413793103	43.40705063803759
2.0	36.849522034660566

Line 57:
X	Y
1.0	2386.081156918947
1.0344827586206897	1988.1656623206236
1.0689655172413792	1665.6035318985294
1.103448275862069	1402.17994715589
1.1379310344827587	1185.6533631215696
1.1724137931034484	1006.7092488219356
1.206896551724138	857.9970124666091
1.2413793103448276	733.8717929074351
1.2758620689655173	629.8271509297725
1.3103448275862069	541.8639456147945
1.3448275862068966	467.707917687729
1.3793103448275863	404.64683291631985
1.4137931034482758	350.8764257689667
1.4482758620689655	304.9540760362544
1.4827586206896552	265.5514265383197
1.5172413793103448	231.65120189238561
1.5517241379310345	202.42918572745177
1.5862068965517242	177.14456753641855
1.6206896551724137	155.21061254237412
1.6551724137931034	136.13700601837758
1.6896551724137931	119.58314465381898
1.7241379310344827	105.11292797792977
1.7586206896551724	92.47154849486022
1.793103448275862	81.37551987526591
1.8275862068965516	71.64154913371702
1.8620689655172413	63.09966082389718
1.896551724137931	55.561499959104125
1.9310344827586206	48.92204485997963
1.9655172413793103	43.042580192622
2.0	37.85705154335812

Line 58:
X	Y
1.0	1539.4254734477686
1.0344827586206897	1303.5453547457346
1.0689655172413792	1108.3890588581519
1.103448275862069	945.867686711414
1.1379310344827587	810.3044972393909
1.1724137931034484	696.4903756397119
1.206896551724138	600.5535690280517
1.2413793103448276	519.220201170731
1.2758620689655173	450.10492332183856
1.3103448275862069	391.00512548446653
1.3448275862068966	340.5960271690546
1.3793103448275863	297.17125334704076
1.4137931034482758	259.8470790728847
1.4482758620689655	227.55798054099068
1.4827586206896552	199.58859180069322
1.5172413793103448	175.3641539726623
1.5517241379310345	154.24512096346865
1.5862068965517242	135.80249821083564
1.6206896551724137	119.69212586331236
1.6551724137931034	105.57692762229117
1.6896551724137931	93.14637398172033
1.7241379310344827	82.25951318688642
1.7586206896551724	72.62892344823734
1.793103448275862	64.14058602494919
1.8275862068965516	56.60470781701973
1.8620689655172413	49.945148250428
1.896551724137931	44.00503980661842
1.9310344827586206	38.72395805246009
1.9655172413793103	34.01646823482827
2.0	29.799507664620126

Line 59:
X	Y
1.0	2051.775838219726
1.0344827586206897	1712.8838186319474
1.0689655172413792	1437.1489046523616
1.103448275862069	1211.1128257758166
1.1379310344827587	1024.7790546415172
1.1724137931034484	870.6489923930843
1.206896551724138	742.2766372085418
1.2413793103448276	634.8933552783036
1.2758620689655173	544.6693007236693
1.3103448275862069	468.41327136946694
1.3448275862068966	404.01322256815564
1.3793103448275863	349.211346118586
1.4137931034482758	302.47737146070915
1.4482758620689655	262.52000708479017
1.4827586206896552	228.19443498585457
1.5172413793103448	198.6602447329659
1.5517241379310345	173.21274404068515
1.5862068965517242	151.13003003416463
1.6206896551724137	132.02301380227541
1.6551724137931034	115.39217764363731
1.6896551724137931	100.87859751736764
1.7241379310344827	88.23964350260164
1.7586206896551724	77.13229997750477
1.793103448275862	67.39748558508751
1.8275862068965516	58.82618498152155
1.8620689655172413	51.283414790167015
1.896551724137931	44.59836370698883
1.9310344827586206	38.67071975442461
1.9655172413793103	33.396235201490114
2.0	28.6772958838677

Line 60:
X	Y
1.0	3741.538304517072
1.0344827586206897	3086.4073622153724
1.0689655172413792	2558.4835760373326
1.103448275862069	2130.4731372303495
1.1379310344827587	1781.9969186797798
1.1724137931034484	1497.3159385250126
1.206896551724138	1263.3161823221503
1.2413793103448276	1069.9090692719155
1.2758620689655173	909.3916098440177
1.3103448275862069	775.5797449305879
1.3448275862068966	663.662359619585
1.3793103448275863	569.7275332106403
1.4137931034482758	490.3381379344167
1.4482758620689655	422.99547346014197
1.4827586206896552	365.9078064802629
1.5172413793103448	317.13401954787895
1.5517241379310345	275.44217963762935
1.5862068965517242	239.74499872789266
1.6206896551724137	208.9087076887875
1.6551724137931034	182.38913682671372
1.6896551724137931	159.43686457678436
1.7241379310344827	139.5543813862023
1.7586206896551724	122.2636797687318
1.793103448275862	107.25593522261478
1.8275862068965516	94.11589490799203
1.8620689655172413	82.6852594875845
1.896551724137931	72.6651803035035
1.9310344827586206	63.884821088592936
1.9655172413793103	56.16970595807981
2.0	49.38809135191148

Line 61:
X	Y
1.0	4070.6135731119416
1.0344827586206897	3356.7337647794334
1.0689655172413792	2778.485080296122
1.103448275862069	2309.3760337720096
1.1379310344827587	1927.5198732513145
1.1724137931034484	1615.0081959346396
1.206896551724138	1358.1805879102255
1.2413793103448276	1146.7487896132288
1.2758620689655173	971.3189881487385
1.3103448275862069	825.493967931777
1.3448275862068966	703.7593348113746
1.3793103448275863	601.8263363725979
1.4137931034482758	515.913954390069
1.4482758620689655	443.3257643554107
1.4827586206896552	381.9398637192929
1.5172413793103448	329.69294141912536
1.5517241379310345	285.20488169518654
1.5862068965517242	247.16576802861465
1.6206896551724137	214.46471455094374
1.6551724137931034	186.44731646718444
1.6896551724137931	162.25576713729228
1.7241379310344827	141.39160534601055
1.7586206896551724	123.31512600156289
1.793103448275862	107.65822225271964
1.8275862068965516	94.02847790718599
1.8620689655172413	82.17494089759718
1.896551724137931	71.8347906725167
1.9310344827586206	62.799059355438985
1.9655172413793103	54.880416319403295
2.0	47.929408888426394

Line 62:
X	Y
1.0	3668.962925195605
1.0344827586206897	3024.9727500755253
1.0689655172413792	2505.182063179193
1.103448275862069	2084.0825358810066
1.1379310344827587	1740.7323857810381
1.1724137931034484	1460.1077180647976
1.206896551724138	1229.3552471664254
1.2413793103448276	1038.872409129205
1.2758620689655173	880.8576736140594
1.3103448275862069	749.1432881441167
1.3448275862068966	639.0401877545155
1.3793103448275863	546.6639967269485
1.4137931034482758	468.81364361967576
1.4482758620689655	402.95981450263804
1.4827586206896552	347.0666711830258
1.5172413793103448	299.54343019776115
1.5517241379310345	259.0014712841526
1.5862068965517242	224.29727644876817
1.6206896551724137	194.4668702575136
1.6551724137931034	168.86710983456697
1.6896551724137931	146.77170580429473
1.7241379310344827	127.6990436622892
1.7586206896551724	111.18397913239929
1.793103448275862	96.84244613615053
1.8275862068965516	84.3669351513828
1.8620689655172413	73.51275722088833
1.896551724137931	64.01098624045493
1.9310344827586206	55.73442703416146
1.9655172413793103	48.433369348041666
2.0	42.04531463875471

Line 63:
X	Y
1.0	3448.3228328524956
1.0344827586206897	2848.262165060865
1.0689655172413792	2364.442105469719
1.103448275862069	1972.5505534461572
1.1379310344827587	1653.6326022228973
1.1724137931034484	1392.3783581581774
1.206896551724138	1177.4151321766772
1.2413793103448276	999.3676059164035
1.2758620689655173	851.374641472747
1.3103448275862069	727.813773571627
1.3448275862068966	624.0940904620317
1.3793103448275863	536.8760519838658
1.4137931034482758	463.029680569569
1.4482758620689655	400.1793571167088
1.4827586206896552	346.8463236269942
1.5172413793103448	301.21849475426006
1.5517241379310345	262.0998386514618
1.5862068965517242	228.53852811898614
1.6206896551724137	199.494427995425
1.6551724137931034	174.45493880028326
1.6896551724137931	152.7680820613966
1.7241379310344827	133.91516271016468
1.7586206896551724	117.549511047209
1.793103448275862	103.27822114181113
1.8275862068965516	90.76097880340637
1.8620689655172413	79.86014839117615
1.896551724137931	70.29585475457246
1.9310344827586206	61.90087979065994
1.9655172413793103	54.507195609644405
2.0	48.00303758438177

Line 64:
X	Y
1.0	1996.069420521013
1.0344827586206897	1678.0819899273833
1.0689655172413792	1417.8094884861725
1.103448275862069	1203.0427933214564
1.1379310344827587	1025.1830324068474
1.1724137931034484	877.0045677775528
1.206896551724138	752.7447124807065
1.2413793103448276	648.3488408243973
1.2758620689655173	560.0917326447056
1.3103448275862069	485.07139418721596
1.3448275862068966	421.25018065223236
1.3793103448275863	366.7068509071941
1.4137931034482758	319.9379070847115
1.4482758620689655	279.67405480539276
1.4827586206896552	244.95976269238798
1.5172413793103448	214.90536382056519
1.5517241379310345	188.87871445791214
1.5862068965517242	166.21858668154962
1.6206896551724137	146.4527315484106
1.6551724137931034	129.21472987030126
1.6896551724137931	114.10635948296161
1.7241379310344827	100.90333614229809
1.7586206896551724	89.23544798038758
1.793103448275862	79.02025123612152
1.8275862068965516	69.98239532474733
1.8620689655172413	62.01238868249298
1.896551724137931	54.95116611462316
1.9310344827586206	48.700618539219626
1.9655172413793103	43.14724858600156
2.0	38.21532225989177

Line 65:
X	Y
1.0	2279.3896916586054
1.0344827586206897	1890.6886858908754
1.0689655172413792	1576.3226848860133
1.103448275862069	1320.4461148331193
1.1379310344827587	1110.3735315939107
1.1724137931034484	937.6466786359234
1.206896551724138	794.5283039854452
1.2413793103448276	675.3576342131282
1.2758620689655173	575.9105048332747
1.3103448275862069	492.36994873897305
1.3448275862068966	422.0199626180085
1.3793103448275863	362.5590047802615
1.4137931034482758	312.0062095533482
1.4482758620689655	269.04546131967425
1.4827586206896552	232.3859993562116
1.5172413793103448	200.94141563898194
1.5517241379310345	173.96862333472342
1.5862068965517242	150.71444342439062
1.6206896551724137	130.5646492045762
1.6551724137931034	113.16848038511483
1.6896551724137931	98.04727798021138
1.7241379310344827	84.87986224442382
1.7586206896551724	73.41350901633831
1.793103448275862	63.38718925336298
1.8275862068965516	54.562204166505765
1.8620689655172413	46.81423971093936
1.896551724137931	39.95501098594687
1.9310344827586206	33.87185696669558
1.9655172413793103	28.434869345523115
2.0	23.468307331621762

Line 66:
X	Y
1.0	3124.6527864692584
1.0344827586206897	2586.702045957113
1.0689655172413792	2153.1178607100323
1.103448275862069	1801.488202235538
1.1379310344827587	1514.8865856230784
1.1724137931034484	1279.4274365920046
1.206896551724138	1085.1496331125186
1.2413793103448276	923.8226167893882
1.2758620689655173	789.3680419660127
1.3103448275862069	676.809222766951
1.3448275862068966	581.9232727554611
1.3793103448275863	501.96010572708724
1.4137931034482758	434.09802465165353
1.4482758620689655	376.26344779951853
1.4827586206896552	326.8796647557687
1.5172413793103448	284.62492633850917
1.5517241379310345	248.28031924448794
1.5862068965517242	216.9923309202528
1.6206896551724137	189.91280865591702
1.6551724137931034	166.47435206233985
1.6896551724137931	146.11232820358245
1.7241379310344827	128.39893065471762
1.7586206896551724	112.9519451758852
1.793103448275862	99.46791388891695
1.8275862068965516	87.61690044929048
1.8620689655172413	77.27131268239874
1.896551724137931	68.17509476472277
1.9310344827586206	60.1714126320745
1.9655172413793103	53.11379686953508
2.0	46.884308477392736

Line 67:
X	Y
1.0	4120.956424134825
1.0344827586206897	3397.2168820933716
1.0689655172413792	2812.8231925163095
1.103448275862069	2338.2120499664916
1.1379310344827587	1951.5619848700358
1.1724137931034484	1636.6598499334493
1.206896551724138	1377.5790236424818
1.2413793103448276	1163.7773498349134
1.2758620689655173	986.89391804601
1.3103448275862069	839.6842518467553
1.3448275862068966	716.9297515600435
1.3793103448275863	614.1863090380307
1.4137931034482758	527.4104902728542
1.4482758620689655	453.90042338739073
1.4827586206896552	391.83755476197314
1.5172413793103448	338.99496132612734
1.5517241379310345	293.8587860329168
1.5862068965517242	255.31069912804955
1.6206896551724137	222.1092281552087
1.6551724137931034	193.58202183182598
1.6896551724137931	168.95294122704294
1.7241379310344827	147.65826150762436
1.7586206896551724	129.19440572341844
1.793103448275862	113.14796300368346
1.8275862068965516	99.19524203010738
1.8620689655172413	87.02155165729843
1.896551724137931	76.40785173312571
1.9310344827586206	67.10069084573568
1.9655172413793103	58.95083216161893
2.0	51.79751109370913

Line 68:
X	Y
1.0	1678.676828593924
1.0344827586206897	1414.7797332550758
1.0689655172413792	1197.4297045199387
1.103448275862069	1017.8239411009173
1.1379310344827587	868.4706512585251
1.1724137931034484	743.653227422796
1.206896551724138	639.0076361942146
1.2413793103448276	550.5198113508868
1.2758620689655173	475.7222854338145
1.3103448275862069	411.9511051554997
1.3448275862068966	357.66537586416257
1.3793103448275863	311.1890111175033
1.4137931034482758	271.25432260267706
1.4482758620689655	236.8786646683404
1.4827586206896552	207.1820851372357
1.5172413793103448	181.49674027267537
1.5517241379310345	159.1931265687785
1.5862068965517242	139.74537015480024
1.6206896551724137	122.81506308357788
1.6551724137931034	108.00991248526306
1.6896551724137931	95.01922900326278
1.7241379310344827	83.6456588075698
1.7586206896551724	73.60289121310635
1.793103448275862	64.77564258897753
1.8275862068965516	56.94909792478295
1.8620689655172413	50.03571034562151
1.896551724137931	43.88596042016169
1.9310344827586206	38.4123152555803
1.9655172413793103	33.529768018853886
2.0	29.140431693952397

Line 69:
X	Y
1.0	2002.8026356421892
1.0344827586206897	1663.2548948280382
1.0689655172413792	1387.4747430323384
1.103448275862069	1162.6154315040549
1.1379310344827587	978.0298679647204
1.1724137931034484	825.870771952421
1.206896551724138	699.6516292757732
1.2413793103448276	594.475257264338
1.2758620689655173	506.4485603130867
1.3103448275862069	432.46053208434364
1.3448275862068966	370.31155220146155
1.3793103448275863	317.55757044958244
1.4137931034482758	272.80150719009066
1.4482758620689655	234.72138687694192
1.4827586206896552	202.0838192976284
1.5172413793103448	174.21456530211313
1.5517241379310345	150.27135837547573
1.5862068965517242	129.599754425616
1.6206896551724137	111.76735822713376
1.6551724137931034	96.35514216920168
1.6896551724137931	82.96913292907244
1.7241379310344827	71.34776389653076
1.7586206896551724	61.22490982210267
1.793103448275862	52.42466570390262
1.8275862068965516	44.700172662449326
1.8620689655172413	37.955018980367456
1.896551724137931	32.01335958344978
1.9310344827586206	26.791278825846874
1.9655172413793103	22.15953431739725
2.0	18.024253286182166

Line 70:
X	Y
1.0	1838.190041747507
1.0344827586206897	1544.9096898856815
1.0689655172413792	1304.4646479894232
1.103448275862069	1106.3482514529146
1.1379310344827587	941.9845331386288
1.1724137931034484	805.0404415703597
1.206896551724138	690.3275867023372
1.2413793103448276	593.8667811523566
1.2758620689655173	512.3330947537215
1.3103448275862069	443.04360382299575
1.3448275862068966	384.1555633022391
1.3793103448275863	333.8081954146992
1.4137931034482758	290.70845894694406
1.4482758620689655	253.58044144587103
1.4827586206896552	221.62973647037538
1.5172413793103448	193.97671353675725
1.5517241379310345	170.0708872910186
1.5862068965517242	149.2330256851783
1.6206896551724137	131.12450794293343
1.6551724137931034	115.2975871927989
1.6896551724137931	101.4852919401581
1.7241379310344827	89.38073150126732
1.7586206896551724	78.74231309374296
1.793103448275862	69.40898014817107
1.8275862068965516	61.15228701586527
1.8620689655172413	53.896948206611206
1.896551724137931	47.46809061730751
1.9310344827586206	41.793617208227545
1.9655172413793103	36.76839439658433
2.0	32.30034106170283

