1D Histogram for $c_1 \ \textrm{[GeV}^{-1}\textrm{]}$
X	Y
-1.476727	0.000000
-1.476727	0.698684
-1.403218	0.698684
-1.403218	0.682121
-1.329709	0.682121
-1.329709	0.661937
-1.256200	0.661937
-1.256200	0.682678
-1.182691	0.682678
-1.182691	0.682287
-1.109183	0.682287
-1.109183	0.689291
-1.035674	0.689291
-1.035674	0.675303
-0.962165	0.675303
-0.962165	0.689401
-0.888656	0.689401
-0.888656	0.658663
-0.815147	0.658663
-0.815147	0.683909
-0.741638	0.683909
-0.741638	0.696356
-0.668129	0.696356
-0.668129	0.693909
-0.594620	0.693909
-0.594620	0.637654
-0.521111	0.637654
-0.521111	0.686125
-0.447602	0.686125
-0.447602	0.684669
-0.374093	0.684669
-0.374093	0.695028
-0.300584	0.695028
-0.300584	0.709798
-0.227076	0.709798
-0.227076	0.693462
-0.153567	0.693462
-0.153567	0.647069
-0.080058	0.647069
-0.080058	0.655446
-0.006549	0.655446
-0.006549	0.000000

-1.476792	0.000000
-1.476792	0.715420
-1.403284	0.715420
-1.403284	0.698292
-1.329775	0.698292
-1.329775	0.669639
-1.256267	0.669639
-1.256267	0.681843
-1.182759	0.681843
-1.182759	0.636910
-1.109251	0.636910
-1.109251	0.679989
-1.035743	0.679989
-1.035743	0.661103
-0.962235	0.661103
-0.962235	0.674096
-0.888727	0.674096
-0.888727	0.679922
-0.815219	0.679922
-0.815219	0.699627
-0.741711	0.699627
-0.741711	0.621869
-0.668203	0.621869
-0.668203	0.694961
-0.594694	0.694961
-0.594694	0.703068
-0.521186	0.703068
-0.521186	0.715129
-0.447678	0.715129
-0.447678	0.706446
-0.374170	0.706446
-0.374170	0.641760
-0.300662	0.641760
-0.300662	0.667105
-0.227154	0.667105
-0.227154	0.674910
-0.153646	0.674910
-0.153646	0.682766
-0.080138	0.682766
-0.080138	0.699088
-0.006630	0.699088
-0.006630	0.000000

-1.476874	0.000000
-1.476874	0.712770
-1.403362	0.712770
-1.403362	0.559928
-1.329851	0.559928
-1.329851	0.692025
-1.256339	0.692025
-1.256339	0.715828
-1.182827	0.715828
-1.182827	0.703216
-1.109316	0.703216
-1.109316	0.746679
-1.035804	0.746679
-1.035804	0.635037
-0.962293	0.635037
-0.962293	0.699044
-0.888781	0.699044
-0.888781	0.686656
-0.815270	0.686656
-0.815270	0.693077
-0.741758	0.693077
-0.741758	0.698153
-0.668247	0.698153
-0.668247	0.688196
-0.594735	0.688196
-0.594735	0.735940
-0.521224	0.735940
-0.521224	0.684633
-0.447712	0.684633
-0.447712	0.690642
-0.374201	0.690642
-0.374201	0.670142
-0.300689	0.670142
-0.300689	0.633254
-0.227178	0.633254
-0.227178	0.650784
-0.153666	0.650784
-0.153666	0.656366
-0.080155	0.656366
-0.080155	0.650938
-0.006643	0.650938
-0.006643	0.000000

1D Histogram for $c_3 \ \textrm{[GeV}^{-1}\textrm{]}$
X	Y
-7.138925	0.000000
-7.138925	0.089877
-6.783127	0.089877
-6.783127	0.102201
-6.427329	0.102201
-6.427329	0.118157
-6.071530	0.118157
-6.071530	0.137569
-5.715732	0.137569
-5.715732	0.151479
-5.359934	0.151479
-5.359934	0.164039
-5.004136	0.164039
-5.004136	0.182485
-4.648337	0.182485
-4.648337	0.184700
-4.292539	0.184700
-4.292539	0.185763
-3.936741	0.185763
-3.936741	0.182630
-3.580942	0.182630
-3.580942	0.189556
-3.225144	0.189556
-3.225144	0.186128
-2.869346	0.186128
-2.869346	0.189228
-2.513548	0.189228
-2.513548	0.178375
-2.157749	0.178375
-2.157749	0.156689
-1.801951	0.156689
-1.801951	0.128035
-1.446153	0.128035
-1.446153	0.100242
-1.090355	0.100242
-1.090355	0.074589
-0.734556	0.074589
-0.734556	0.058297
-0.378758	0.058297
-0.378758	0.050542
-0.022960	0.050542
-0.022960	0.000000

-7.136636	0.000000
-7.136636	0.136501
-6.780950	0.136501
-6.780950	0.138190
-6.425265	0.138190
-6.425265	0.160858
-6.069579	0.160858
-6.069579	0.178308
-5.713894	0.178308
-5.713894	0.169866
-5.358208	0.169866
-5.358208	0.185150
-5.002523	0.185150
-5.002523	0.197033
-4.646837	0.197033
-4.646837	0.183874
-4.291152	0.183874
-4.291152	0.195632
-3.935466	0.195632
-3.935466	0.171842
-3.579781	0.171842
-3.579781	0.153208
-3.224095	0.153208
-3.224095	0.154269
-2.868410	0.154269
-2.868410	0.143281
-2.512724	0.143281
-2.512724	0.128768
-2.157039	0.128768
-2.157039	0.114909
-1.801353	0.114909
-1.801353	0.101147
-1.445668	0.101147
-1.445668	0.092334
-1.089982	0.092334
-1.089982	0.081407
-0.734297	0.081407
-0.734297	0.067844
-0.378611	0.067844
-0.378611	0.057050
-0.022926	0.057050
-0.022926	0.000000

-7.137139	0.000000
-7.137139	0.128039
-6.781441	0.128039
-6.781441	0.150316
-6.425744	0.150316
-6.425744	0.150047
-6.070046	0.150047
-6.070046	0.160547
-5.714348	0.160547
-5.714348	0.179831
-5.358650	0.179831
-5.358650	0.207989
-5.002952	0.207989
-5.002952	0.167091
-4.647254	0.167091
-4.647254	0.190499
-4.291556	0.190499
-4.291556	0.180554
-3.935858	0.180554
-3.935858	0.176030
-3.580161	0.176030
-3.580161	0.166350
-3.224463	0.166350
-3.224463	0.159286
-2.868765	0.159286
-2.868765	0.160164
-2.513067	0.160164
-2.513067	0.141122
-2.157369	0.141122
-2.157369	0.124129
-1.801671	0.124129
-1.801671	0.113922
-1.445973	0.113922
-1.445973	0.083733
-1.090275	0.083733
-1.090275	0.077566
-0.734578	0.077566
-0.734578	0.053827
-0.378880	0.053827
-0.378880	0.040332
-0.023182	0.040332
-0.023182	0.000000

